0.00246353    0.05
0.00955687    0.1
0.0208469    0.15
0.0359175    0.2
0.0543697    0.25
0.0758213    0.3
0.0999073    0.35
0.12628    0.4
0.154607    0.45
0.184576    0.5
0.215888    0.55
0.248266    0.6
0.281443    0.65
0.315176    0.7
0.349236    0.75
0.383409    0.8
0.417502    0.85
0.451336    0.9
0.48475    0.95
0.517602    1
0.549764    1.05
0.581127    1.1
0.611598    1.15
0.641103    1.2
0.669583    1.25
0.696997    1.3
0.723323    1.35
0.748552    1.4
0.772697    1.45
0.795787    1.5
0.817866    1.55
0.838879    1.6
0.858763    1.65
0.87751    1.7
0.895122    1.75
0.911602    1.8
0.926958    1.85
0.941202    1.9
0.954352    1.95
0.966429    2
0.977457    2.05
0.987466    2.1
0.996487    2.15
1.00456    2.2
1.01172    2.25
1.018    2.3
1.02347    2.35
1.02815    2.4
1.03211    2.45
1.03538    2.5
1.03803    2.55
1.0401    2.6
1.04164    2.65
1.04271    2.7
1.04335    2.75
1.0436    2.8
1.04352    2.85
1.04314    2.9
1.04249    2.95
1.04161    3
1.04052    3.05
1.03923    3.1
1.03776    3.15
1.0361    3.2
1.03425    3.25
1.0322    3.3
1.02991    3.35
1.02735    3.4
1.02448    3.45
1.02125    3.5
1.01758    3.55
1.01357    3.6
1.00936    3.65
1.00493    3.7
1.00025    3.75
0.995294    3.8
0.990062    3.85
0.984545    3.9
0.97874    3.95
0.97265    4
0.966281    4.05
0.95964    4.1
0.95274    4.15
0.94559    4.2
0.938206    4.25
0.930602    4.3
0.922793    4.35
0.914797    4.4
0.90663    4.45
0.898308    4.5
0.889851    4.55
0.881273    4.6
0.872595    4.65
0.863832    4.7
0.855003    4.75
0.846123    4.8
0.836948    4.85
0.828789    4.9
0.8222    4.95
0.817064    5
0.813269    5.05
0.810706    5.1
0.809274    5.15
0.808873    5.2
0.809411    5.25
0.810799    5.3
0.812953    5.35
0.815794    5.4
0.819248    5.45
0.823243    5.5
0.827715    5.55
0.832601    5.6
0.837843    5.65
0.843386    5.7
0.849181    5.75
0.85518    5.8
0.86134    5.85
0.86762    5.9
0.873982    5.95
0.880391    6
0.886816    6.05
0.893226    6.1
0.899594    6.15
0.905896    6.2
0.912108    6.25
0.91821    6.3
0.924182    6.35
0.930008    6.4
0.935672    6.45
0.941158    6.5
0.946451    6.55
0.951442    6.6
0.956103    6.65
0.960445    6.7
0.96448    6.75
0.968219    6.8
0.971677    6.85
0.974864    6.9
0.977791    6.95
0.980473    7
0.98292    7.05
0.985146    7.1
0.987161    7.15
0.988977    7.2
0.990607    7.25
0.992062    7.3
0.993352    7.35
0.994488    7.4
0.995483    7.45
0.996346    7.5
0.997088    7.55
0.997718    7.6
0.998247    7.65
0.998684    7.7
0.99904    7.75
0.999323    7.8
0.999542    7.85
0.999705    7.9
0.999822    7.95
0.9999    8
0.999947    8.05
0.999972    8.1
0.999981    8.15
0.999982    8.2
0.99998    8.25
0.999976    8.3
0.999965    8.35
0.999948    8.4
0.999922    8.45
0.999883    8.5
0.999829    8.55
0.999758    8.6
0.999666    8.65
0.999547    8.7
0.9994    8.75
0.999218    8.8
0.998998    8.85
0.998733    8.9
0.99842    8.95
0.99805    9
0.997619    9.05
0.997121    9.1
0.996548    9.15
0.995892    9.2
0.995147    9.25
0.994305    9.3
0.993358    9.35
0.992297    9.4
0.991114    9.45
0.989799    9.5
0.988345    9.55
0.98674    9.6
0.984976    9.65
0.983043    9.7
0.98093    9.75
0.978629    9.8
0.976128    9.85
0.973489    9.9
0.970754    9.95
0.967929    10
0.965021    10.05
0.962037    10.1
0.958981    10.15
0.955862    10.2
0.952681    10.25
0.949445    10.3
0.946158    10.35
0.942824    10.4
0.939446    10.45
0.936028    10.5
0.932573    10.55
0.929085    10.6
0.925565    10.65
0.922018    10.7
0.918445    10.75
0.914849    10.8
0.911232    10.85
0.907599    10.9
0.903949    10.95
0.900288    11
0.896617    11.05
0.89294    11.1
0.88926    11.15
0.885582    11.2
0.88191    11.25
0.878249    11.3
0.874603    11.35
0.87098    11.4
0.867408    11.45
0.863982    11.5
0.860709    11.55
0.857589    11.6
0.854619    11.65
0.851803    11.7
0.849144    11.75
0.846648    11.8
0.844322    11.85
0.842175    11.9
0.840218    11.95
0.83846    12
0.836914    12.05
0.835591    12.1
0.834506    12.15
0.833669    12.2
0.833094    12.25
0.832794    12.3
0.832778    12.35
0.833056    12.4
0.833638    12.45
0.834532    12.5
0.83574    12.55
0.837267    12.6
0.839112    12.65
0.841275    12.7
0.843749    12.75
0.846525    12.8
0.849595    12.85
0.852942    12.9
0.855672    12.95
0.860758    13
0.86198    13.05
0.859769    13.1
0.854536    13.15
0.846677    13.2
0.836564    13.25
0.824551    13.3
0.81097    13.35
0.796131    13.4
0.780322    13.45
0.763807    13.5
0.746831    13.55
0.729614    13.6
0.712355    13.65
0.695232    13.7
0.6784    13.75
0.661994    13.8
0.646126    13.85
0.63089    13.9
0.61636    13.95
0.602593    14
0.589625    14.05
0.57748    14.1
0.566166    14.15
0.555677    14.2
0.545999    14.25
0.537111    14.3
0.528987    14.35
0.5216    14.4
0.514936    14.45
0.508984    14.5
0.503763    14.55
0.499318    14.6
0.495741    14.65
0.493229    14.7
0.491844    14.75
0.4914    14.8
0.491729    14.85
0.492688    14.9
0.494154    14.95
0.496027    15
0.498223    15.05
0.500674    15.1
0.503329    15.15
0.506144    15.2
0.509089    15.25
0.512144    15.3
0.51529    15.35
0.518519    15.4
0.521828    15.45
0.525212    15.5
0.528675    15.55
0.532219    15.6
0.53585    15.65
0.53957    15.7
0.543384    15.75
0.547294    15.8
0.551306    15.85
0.555418    15.9
0.55963    15.95
0.563937    16
0.568332    16.05
0.572806    16.1
0.577347    16.15
0.581937    16.2
0.586559    16.25
0.591184    16.3
0.59579    16.35
0.600343    16.4
0.604808    16.45
0.609147    16.5
0.613316    16.55
0.617271    16.6
0.620964    16.65
0.624366    16.7
0.627569    16.75
0.630597    16.8
0.63346    16.85
0.636169    16.9
0.638733    16.95
0.641162    17
0.643466    17.05
0.645653    17.1
0.647736    17.15
0.649718    17.2
0.65161    17.25
0.653418    17.3
0.655152    17.35
0.656817    17.4
0.65842    17.45
0.659967    17.5
0.661462    17.55
0.662913    17.6
0.664324    17.65
0.665698    17.7
0.667039    17.75
0.668351    17.8
0.669637    17.85
0.670899    17.9
0.672139    17.95
0.673358    18
0.674557    18.05
0.675737    18.1
0.676897    18.15
0.678036    18.2
0.679153    18.25
0.680246    18.3
0.681315    18.35
0.682353    18.4
0.683359    18.45
0.68433    18.5
0.685259    18.55
0.686143    18.6
0.686976    18.65
0.687751    18.7
0.688462    18.75
0.689102    18.8
0.689663    18.85
0.690136    18.9
0.690524    18.95
0.690861    19
0.691154    19.05
0.691405    19.1
0.691616    19.15
0.691791    19.2
0.691931    19.25
0.692038    19.3
0.692114    19.35
0.692162    19.4
0.692184    19.45
0.69218    19.5
0.692153    19.55
0.692106    19.6
0.692037    19.65
0.691951    19.7
0.691847    19.75
0.691729    19.8
0.691594    19.85
0.691446    19.9
0.691285    19.95
0.691112    20
0.690928    20.05
0.690732    20.1
0.690525    20.15
0.690309    20.2
0.690082    20.25
0.689844    20.3
0.689595    20.35
0.689337    20.4
0.689066    20.45
0.688783    20.5
0.688487    20.55
0.688178    20.6
0.687855    20.65
0.687515    20.7
0.687159    20.75
0.686784    20.8
0.686389    20.85
0.685972    20.9
0.685532    20.95
0.685066    21
0.684573    21.05
0.68405    21.1
0.683495    21.15
0.682907    21.2
0.682282    21.25
0.681643    21.3
0.680998    21.35
0.680347    21.4
0.67969    21.45
0.679024    21.5
0.67835    21.55
0.677666    21.6
0.676974    21.65
0.67627    21.7
0.675556    21.75
0.674832    21.8
0.674095    21.85
0.673348    21.9
0.672589    21.95
0.671818    22
0.671036    22.05
0.670242    22.1
0.669436    22.15
0.66862    22.2
0.667792    22.25
0.666952    22.3
0.666103    22.35
0.665243    22.4
0.664372    22.45
0.663493    22.5
0.662604    22.55
0.661707    22.6
0.6608    22.65
0.659887    22.7
0.659114    22.75
0.658122    22.8
0.658072    22.85
0.658897    22.9
0.660531    22.95
0.662915    23
0.665986    23.05
0.669693    23.1
0.673979    23.15
0.678796    23.2
0.684092    23.25
0.689821    23.3
0.695938    23.35
0.702399    23.4
0.709162    23.45
0.716188    23.5
0.723436    23.55
0.730872    23.6
0.73846    23.65
0.746166    23.7
0.753959    23.75
0.761809    23.8
0.769687    23.85
0.777569    23.9
0.785428    23.95
0.793244    24
0.800996    24.05
0.808663    24.1
0.816233    24.15
0.823688    24.2
0.831017    24.25
0.83821    24.3
0.845259    24.35
0.852157    24.4
0.858902    24.45
0.865491    24.5
0.871925    24.55
0.878207    24.6
0.884343    24.65
0.890338    24.7
0.896204    24.75
0.901953    24.8
0.907597    24.85
0.913154    24.9
0.918643    24.95
0.924078    25
0.929319    25.05
0.934303    25.1
0.939038    25.15
0.943531    25.2
0.947786    25.25
0.95181    25.3
0.95561    25.35
0.95919    25.4
0.962557    25.45
0.965716    25.5
0.968672    25.55
0.97143    25.6
0.973995    25.65
0.976371    25.7
0.978563    25.75
0.980575    25.8
0.982411    25.85
0.984075    25.9
0.98557    25.95
0.986899    26
0.988067    26.05
0.989075    26.1
0.989927    26.15
0.990624    26.2
0.991171    26.25
0.991566    26.3
0.991815    26.35
0.991916    26.4
0.991874    26.45
0.991687    26.5
0.991358    26.55
0.990887    26.6
0.990275    26.65
0.989523    26.7
0.98863    26.75
0.987597    26.8
0.986423    26.85
0.985107    26.9
0.98365    26.95
0.982051    27
0.980308    27.05
0.978421    27.1
0.976367    27.15
0.974138    27.2
0.971742    27.25
0.969185    27.3
0.966476    27.35
0.963618    27.4
0.960619    27.45
0.957483    27.5
0.954216    27.55
0.950821    27.6
0.947303    27.65
0.943664    27.7
0.939908    27.75
0.936038    27.8
0.932057    27.85
0.927963    27.9
0.923759    27.95
0.919447    28
0.915025    28.05
0.910495    28.1
0.905854    28.15
0.901102    28.2
0.896237    28.25
0.891257    28.3
0.886159    28.35
0.880941    28.4
0.875599    28.45
0.870129    28.5
0.864528    28.55
0.858789    28.6
0.852909    28.65
0.846881    28.7
0.840701    28.75
0.834362    28.8
0.827858    28.85
0.821181    28.9
0.814324    28.95
0.807281    29
0.800044    29.05
0.792603    29.1
0.784993    29.15
0.777312    29.2
0.769571    29.25
0.761777    29.3
0.753936    29.35
0.746054    29.4
0.738138    29.45
0.730193    29.5
0.722222    29.55
0.714232    29.6
0.706225    29.65
0.698204    29.7
0.690174    29.75
0.682136    29.8
0.674092    29.85
0.666045    29.9
0.657997    29.95
0.649948    30
0.641898    30.05
0.633849    30.1
0.6258    30.15
0.617753    30.2
0.609705    30.25
0.601658    30.3
0.593609    30.35
0.585558    30.4
0.577505    30.45
0.569448    30.5
0.561387    30.55
0.553319    30.6
0.545243    30.65
0.537159    30.7
0.529065    30.75
0.52096    30.8
0.512842    30.85
0.504711    30.9
0.496567    30.95
0.488407    31
0.480232    31.05
0.472041    31.1
0.463834    31.15
0.455611    31.2
0.447449    31.25
0.439599    31.3
0.432076    31.35
0.424874    31.4
0.417992    31.45
0.411426    31.5
0.405174    31.55
0.399234    31.6
0.393606    31.65
0.38829    31.7
0.383285    31.75
0.37859    31.8
0.374208    31.85
0.370138    31.9
0.366382    31.95
0.36294    32
0.359813    32.05
0.356999    32.1
0.354498    32.15
0.352306    32.2
0.350421    32.25
0.348837    32.3
0.347547    32.35
0.346541    32.4
0.345808    32.45
0.345335    32.5
0.345105    32.55
0.345098    32.6
0.345293    32.65
0.345663    32.7
0.346184    32.75
0.346822    32.8
0.347544    32.85
0.348316    32.9
0.349096    32.95
0.349845    33
0.350519    33.05
0.351053    33.1
0.35157    33.15
0.352105    33.2
0.352645    33.25
0.35318    33.3
0.353705    33.35
0.35422    33.4
0.354726    33.45
0.355229    33.5
0.355739    33.55
0.356265    33.6
0.356824    33.65
0.35743    33.7
0.3581    33.75
0.358854    33.8
0.359709    33.85
0.360684    33.9
0.361796    33.95
0.363058    34
0.364485    34.05
0.366086    34.1
0.367864    34.15
0.369823    34.2
0.371958    34.25
0.374257    34.3
0.376706    34.35
0.379281    34.4
0.381956    34.45
0.384695    34.5
0.387457    34.55
0.390196    34.6
0.39286    34.65
0.395392    34.7
0.397729    34.75
0.399807    34.8
0.401565    34.85
0.403015    34.9
0.404177    34.95
0.405072    35
0.40572    35.05
0.406141    35.1
0.406357    35.15
0.406393    35.2
0.406272    35.25
0.406017    35.3
0.405652    35.35
0.405204    35.4
0.404693    35.45
0.404146    35.5
0.403587    35.55
0.403037    35.6
0.40252    35.65
0.40206    35.7
0.401675    35.75
0.401388    35.8
0.401217    35.85
0.401181    35.9
0.401296    35.95
0.401579    36
0.402042    36.05
0.402697    36.1
0.403556    36.15
0.404626    36.2
0.405912    36.25
0.407418    36.3
0.409149    36.35
0.4111    36.4
0.41327    36.45
0.415653    36.5
0.418243    36.55
0.42103    36.6
0.424    36.65
0.427139    36.7
0.430433    36.75
0.433861    36.8
0.437404    36.85
0.44104    36.9
0.444745    36.95
0.448492    37
0.452257    37.05
0.456009    37.1
0.45972    37.15
0.463359    37.2
0.466893    37.25
0.47032    37.3
0.473806    37.35
0.477385    37.4
0.481055    37.45
0.48482    37.5
0.488675    37.55
0.492617    37.6
0.496638    37.65
0.500733    37.7
0.504892    37.75
0.509104    37.8
0.513358    37.85
0.517642    37.9
0.521942    37.95
0.526243    38
0.530531    38.05
0.534789    38.1
0.538999    38.15
0.543144    38.2
0.547208    38.25
0.551169    38.3
0.55501    38.35
0.558713    38.4
0.562258    38.45
0.565628    38.5
0.568806    38.55
0.571776    38.6
0.574525    38.65
0.577045    38.7
0.579326    38.75
0.581371    38.8
0.583182    38.85
0.584773    38.9
0.586152    38.95
0.587357    39
0.588434    39.05
0.589427    39.1
0.590382    39.15
0.591343    39.2
0.592355    39.25
0.593457    39.3
0.594691    39.35
0.596092    39.4
0.597694    39.45
0.59953    39.5
0.601626    39.55
0.604008    39.6
0.606695    39.65
0.609706    39.7
0.613052    39.75
0.616746    39.8
0.620791    39.85
0.625193    39.9
0.629951    39.95
0.635062    40
0.640521    40.05
0.64632    40.1
0.652449    40.15
0.658897    40.2
0.665651    40.25
0.672695    40.3
0.680017    40.35
0.687597    40.4
0.695424    40.45
0.703479    40.5
0.711746    40.55
0.720209    40.6
0.728854    40.65
0.737666    40.7
0.746629    40.75
0.755732    40.8
0.764963    40.85
0.774311    40.9
0.783764    40.95
0.793315    41
0.802958    41.05
0.812686    41.1
0.822493    41.15
0.832335    41.2
0.841917    41.25
0.851184    41.3
0.860133    41.35
0.868762    41.4
0.87707    41.45
0.885057    41.5
0.892724    41.55
0.900072    41.6
0.907104    41.65
0.913824    41.7
0.920233    41.75
0.926337    41.8
0.932139    41.85
0.937645    41.9
0.942859    41.95
0.947789    42
0.952438    42.05
0.956814    42.1
0.960922    42.15
0.964771    42.2
0.968365    42.25
0.971713    42.3
0.974824    42.35
0.977702    42.4
0.980357    42.45
0.982796    42.5
0.985029    42.55
0.987062    42.6
0.988905    42.65
0.990566    42.7
0.992055    42.75
0.993378    42.8
0.994547    42.85
0.995571    42.9
0.996457    42.95
0.997217    43
0.997858    43.05
0.998393    43.1
0.998828    43.15
0.999175    43.2
0.999444    43.25
0.999644    43.3
0.999786    43.35
0.999878    43.4
0.999933    43.45
0.999959    43.5
0.999967    43.55
0.999966    43.6
0.999952    43.65
0.999905    43.7
0.999805    43.75
0.999632    43.8
0.999369    43.85
0.998995    43.9
0.998493    43.95
0.997844    44
0.997032    44.05
0.996039    44.1
0.994847    44.15
0.993442    44.2
0.991806    44.25
0.989925    44.3
0.987781    44.35
0.985362    44.4
0.98265    44.45
0.979632    44.5
0.976295    44.55
0.972623    44.6
0.968603    44.65
0.964224    44.7
0.959471    44.75
0.954331    44.8
0.948793    44.85
0.942845    44.9
0.936475    44.95
0.929671    45
0.922423    45.05
0.91472    45.1
0.906551    45.15
0.897905    45.2
0.888775    45.25
0.879149    45.3
0.869018    45.35
0.858375    45.4
0.847208    45.45
0.835511    45.5
0.823275    45.55
0.810495    45.6
0.797159    45.65
0.783262    45.7
0.768799    45.75
0.753762    45.8
0.738143    45.85
0.721939    45.9
0.705162    45.95
0.687911    46
0.67022    46.05
0.65211    46.1
0.633599    46.15
0.614713    46.2
0.595475    46.25
0.57591    46.3
0.556048    46.35
0.535916    46.4
0.515546    46.45
0.494967    46.5
0.474217    46.55
0.453329    46.6
0.43234    46.65
0.411287    46.7
0.390212    46.75
0.369155    46.8
0.348158    46.85
0.327268    46.9
0.306529    46.95
0.285989    47
0.265698    47.05
0.245704    47.1
0.226061    47.15
0.206823    47.2
0.188044    47.25
0.169781    47.3
0.152093    47.35
0.135039    47.4
0.11868    47.45
0.10308    47.5
0.0883026    47.55
0.074414    47.6
0.0614815    47.65
0.0495743    47.7
0.0387627    47.75
0.0291191    47.8
0.0207168    47.85
0.0136311    47.9
0.00793867    47.95
0.00371773    48
0.00104803    48.05
1.0883e-05    48.1
1.0883e-05    48.1
1.0883e-05    48.1
1.0883e-05    48.1
1.0883e-05    48.1
1.0883e-05    48.1
1.0883e-05    48.1
1.0883e-05    48.1
1.0883e-05    48.1
1.0883e-05    48.1
1.0883e-05    48.1
1.0883e-05    48.1
1.0883e-05    48.1
1.0883e-05    48.1
1.0883e-05    48.1
1.0883e-05    48.1
1.0883e-05    48.1
1.0883e-05    48.1
1.0883e-05    48.1
1.0883e-05    48.1
1.0883e-05    48.1
