-0.0022514 0.05
-0.00176951 0.1
-0.00125737 0.15
-0.00068245 0.2
-5.32643e-05 0.25
0.000641369 0.3
0.0013947 0.35
0.00223659 0.4
0.00315687 0.45
0.00416818 0.5
0.00527248 0.55
0.00649012 0.6
0.00781557 0.65
0.0092709 0.7
0.0108588 0.75
0.0125982 0.8
0.0144926 0.85
0.0165627 0.9
0.018819 0.95
0.021276 1
0.0239473 1.05
0.0268525 1.1
0.0300025 1.15
0.0334148 1.2
0.0371038 1.25
0.0410866 1.3
0.0453756 1.35
0.0499803 1.4
0.0549124 1.45
0.060176 1.5
0.0673278 1.55
0.0858101 1.6
0.103592 1.65
0.120796 1.7
0.137524 1.75
0.15386 1.8
0.169872 1.85
0.185614 1.9
0.201132 1.95
0.216458 2
0.231614 2.05
0.246614 2.1
0.261462 2.15
0.276153 2.2
0.290675 2.25
0.305004 2.3
0.319109 2.35
0.332953 2.4
0.346484 2.45
0.359647 2.5
0.372377 2.55
0.384599 2.6
0.396233 2.65
0.407189 2.7
0.417374 2.75
0.426687 2.8
0.435026 2.85
0.442282 2.9
0.448349 2.95
0.453118 3
0.456484 3.05
0.458341 3.1
0.458594 3.15
0.457145 3.2
0.453908 3.25
0.4488 3.3
0.441741 3.35
0.43266 3.4
0.421483 3.45
0.408137 3.5
0.392544 3.55
0.371565 3.6
0.352133 3.65
0.334804 3.7
0.31951 3.75
0.306178 3.8
0.294738 3.85
0.285116 3.9
0.277245 3.95
0.271051 4
0.266472 4.05
0.263443 4.1
0.261903 4.15
0.261792 4.2
0.263056 4.25
0.265638 4.3
0.269486 4.35
0.274547 4.4
0.280769 4.45
0.288104 4.5
0.296498 4.55
0.305903 4.6
0.316266 4.65
0.327537 4.7
0.339662 4.75
0.352589 4.8
0.33865 4.85
0.333387 4.9
0.327357 4.95
0.320711 5
0.313603 5.05
0.306176 5.1
0.298568 5.15
0.2909 5.2
0.283281 5.25
0.275803 5.3
0.268538 5.35
0.261547 5.4
0.25487 5.45
0.248538 5.5
0.242561 5.55
0.236943 5.6
0.231672 5.65
0.226733 5.7
0.222095 5.75
0.217729 5.8
0.213592 5.85
0.209642 5.9
0.20583 5.95
0.202107 6
0.198418 6.05
0.194707 6.1
0.190917 6.15
0.186989 6.2
0.182863 6.25
0.178475 6.3
0.173764 6.35
0.168666 6.4
0.163115 6.45
0.157044 6.5
0.150328 6.55
0.143464 6.6
0.136967 6.65
0.130806 6.7
0.124947 6.75
0.119362 6.8
0.114025 6.85
0.108908 6.9
0.103993 6.95
0.0992559 7
0.0946765 7.05
0.0902383 7.1
0.0859232 7.15
0.0817153 7.2
0.0775997 7.25
0.0735623 7.3
0.0695898 7.35
0.0656699 7.4
0.0617908 7.45
0.0579414 7.5
0.0541111 7.55
0.0502901 7.6
0.046469 7.65
0.0426387 7.7
0.038791 7.75
0.0349176 7.8
0.0310112 7.85
0.0270643 7.9
0.0230702 7.95
0.0190225 8
0.0149149 8.05
0.0107417 8.1
0.00649741 8.15
0.0021634 8.2
-0.00217654 8.25
-0.00642194 8.3
-0.0105774 8.35
-0.0146476 8.4
-0.0186375 8.45
-0.0225518 8.5
-0.0263956 8.55
-0.0301742 8.6
-0.033893 8.65
-0.0375575 8.7
-0.0411736 8.75
-0.0447472 8.8
-0.0482846 8.85
-0.0517924 8.9
-0.0552773 8.95
-0.0587465 9
-0.0622075 9.05
-0.0656678 9.1
-0.0691358 9.15
-0.0726202 9.2
-0.0761298 9.25
-0.0796742 9.3
-0.0832633 9.35
-0.0869078 9.4
-0.0906187 9.45
-0.0944078 9.5
-0.0982876 9.55
-0.102271 9.6
-0.106373 9.65
-0.110608 9.7
-0.114991 9.75
-0.119541 9.8
-0.123866 9.85
-0.126113 9.9
-0.128317 9.95
-0.130493 10
-0.13265 10.05
-0.134801 10.1
-0.136957 10.15
-0.139132 10.2
-0.141337 10.25
-0.143587 10.3
-0.145895 10.35
-0.148275 10.4
-0.150742 10.45
-0.153312 10.5
-0.155998 10.55
-0.158818 10.6
-0.161788 10.65
-0.164926 10.7
-0.168249 10.75
-0.171774 10.8
-0.175522 10.85
-0.179511 10.9
-0.183762 10.95
-0.188293 11
-0.193125 11.05
-0.19828 11.1
-0.203778 11.15
-0.209642 11.2
-0.215894 11.25
-0.222555 11.3
-0.229647 11.35
-0.237191 11.4
-0.239905 11.45
-0.239389 11.5
-0.2397 11.55
-0.240777 11.6
-0.242553 11.65
-0.244956 11.7
-0.24791 11.75
-0.251334 11.8
-0.255144 11.85
-0.259253 11.9
-0.263571 11.95
-0.268002 12
-0.272451 12.05
-0.276817 12.1
-0.281 12.15
-0.284899 12.2
-0.28841 12.25
-0.291434 12.3
-0.29387 12.35
-0.295621 12.4
-0.296593 12.45
-0.296696 12.5
-0.295847 12.55
-0.293967 12.6
-0.290986 12.65
-0.286841 12.7
-0.281474 12.75
-0.274838 12.8
-0.266893 12.85
-0.257605 12.9
-0.376665 12.95
-0.357143 13
-0.342637 13.05
-0.33211 13.1
-0.324797 13.15
-0.320116 13.2
-0.31762 13.25
-0.316958 13.3
-0.317852 13.35
-0.320078 13.4
-0.323458 13.45
-0.327845 13.5
-0.333126 13.55
-0.339217 13.6
-0.346059 13.65
-0.353634 13.7
-0.361947 13.75
-0.371051 13.8
-0.381046 13.85
-0.392076 13.9
-0.404351 13.95
-0.418142 14
-0.433792 14.05
-0.451717 14.1
-0.472416 14.15
-0.496465 14.2
-0.524521 14.25
-0.55732 14.3
-0.595674 14.35
-0.640454 14.4
-0.692578 14.45
-0.752979 14.5
-0.82255 14.55
-0.902057 14.6
-0.992009 14.65
-0.965312 14.7
-0.913872 14.75
-0.863118 14.8
-0.813994 14.85
-0.767194 14.9
-0.723184 14.95
-0.682246 15
-0.644509 15.05
-0.609984 15.1
-0.578596 15.15
-0.550209 15.2
-0.524639 15.25
-0.50167 15.3
-0.481077 15.35
-0.46262 15.4
-0.446054 15.45
-0.431144 15.5
-0.417652 15.55
-0.405354 15.6
-0.394028 15.65
-0.383467 15.7
-0.373476 15.75
-0.363871 15.8
-0.354479 15.85
-0.345141 15.9
-0.335713 15.95
-0.32606 16
-0.316061 16.05
-0.305611 16.1
-0.294608 16.15
-0.28297 16.2
-0.270615 16.25
-0.257476 16.3
-0.243484 16.35
-0.22858 16.4
-0.212703 16.45
-0.195792 16.5
-0.177778 16.55
-0.158593 16.6
-0.138151 16.65
-0.12797 16.7
-0.126112 16.75
-0.124502 16.8
-0.123116 16.85
-0.121931 16.9
-0.120925 16.95
-0.120078 17
-0.119372 17.05
-0.118788 17.1
-0.11831 17.15
-0.117921 17.2
-0.117607 17.25
-0.117352 17.3
-0.117145 17.35
-0.11697 17.4
-0.116816 17.45
-0.116671 17.5
-0.116523 17.55
-0.116362 17.6
-0.116178 17.65
-0.115959 17.7
-0.115698 17.75
-0.115384 17.8
-0.115011 17.85
-0.114569 17.9
-0.114052 17.95
-0.113452 18
-0.112763 18.05
-0.111979 18.1
-0.111093 18.15
-0.110102 18.2
-0.108999 18.25
-0.107781 18.3
-0.106443 18.35
-0.104982 18.4
-0.103394 18.45
-0.101675 18.5
-0.0998238 18.55
-0.0978362 18.6
-0.09571 18.65
-0.0934426 18.7
-0.0910317 18.75
-0.0884745 18.8
-0.0857687 18.85
-0.0829115 18.9
-0.082393 18.95
-0.0833947 19
-0.0843771 19.05
-0.085336 19.1
-0.0862674 19.15
-0.0871671 19.2
-0.0880311 19.25
-0.0888553 19.3
-0.0896357 19.35
-0.090368 19.4
-0.0910485 19.45
-0.0916728 19.5
-0.092237 19.55
-0.0927371 19.6
-0.0931691 19.65
-0.093529 19.7
-0.0938127 19.75
-0.0940164 19.8
-0.0941364 19.85
-0.0941686 19.9
-0.0941093 19.95
-0.0939547 20
-0.0937011 20.05
-0.0933448 20.1
-0.0928822 20.15
-0.0923095 20.2
-0.0916235 20.25
-0.0908206 20.3
-0.0898974 20.35
-0.0888503 20.4
-0.0876759 20.45
-0.0863712 20.5
-0.0849327 20.55
-0.083357 20.6
-0.0816409 20.65
-0.0797814 20.7
-0.0777747 20.75
-0.0756181 20.8
-0.0733077 20.85
-0.0708405 20.9
-0.0682127 20.95
-0.0654213 21
-0.0624623 21.05
-0.0593321 21.1
-0.0560268 21.15
-0.0525424 21.2
-0.0493659 21.25
-0.0481893 21.3
-0.0471195 21.35
-0.0461504 21.4
-0.0452755 21.45
-0.0444885 21.5
-0.043783 21.55
-0.0431524 21.6
-0.0425903 21.65
-0.0420903 21.7
-0.0416454 21.75
-0.0412491 21.8
-0.0408947 21.85
-0.0405754 21.9
-0.0402845 21.95
-0.0400148 22
-0.0397597 22.05
-0.0395122 22.1
-0.0392651 22.15
-0.0390114 22.2
-0.038744 22.25
-0.0384557 22.3
-0.0381392 22.35
-0.0377871 22.4
-0.0373921 22.45
-0.0369467 22.5
-0.0364434 22.55
-0.0358745 22.6
-0.0352327 22.65
-0.0345099 22.7
-0.0405302 22.75
-0.0231311 22.8
-0.00666962 22.85
0.00873857 22.9
0.0230084 22.95
0.0360829 23
0.0479315 23.05
0.0585469 23.1
0.0679425 23.15
0.0761474 23.2
0.0832055 23.25
0.0891713 23.3
0.0941056 23.35
0.0980771 23.4
0.101156 23.45
0.103413 23.5
0.104921 23.55
0.105749 23.6
0.105964 23.65
0.105631 23.7
0.10481 23.75
0.103557 23.8
0.101925 23.85
0.0999599 23.9
0.0977076 23.95
0.095206 24
0.0924904 24.05
0.0895941 24.1
0.0865434 24.15
0.0833655 24.2
0.080081 24.25
0.0767107 24.3
0.0732711 24.35
0.0697785 24.4
0.0662452 24.45
0.0626838 24.5
0.0591044 24.55
0.0555173 24.6
0.0519302 24.65
0.0483508 24.7
0.044786 24.75
0.041244 24.8
0.0377312 24.85
0.0342531 24.9
0.0308168 24.95
0.0273793 25
0.0238845 25.05
0.0205327 25.1
0.0173127 25.15
0.0142143 25.2
0.0112284 25.25
0.00834609 25.3
0.00555946 25.35
0.00286105 25.4
0.000243952 25.45
-0.00229835 25.5
-0.00477187 25.55
-0.00718222 25.6
-0.00953488 25.65
-0.011835 25.7
-0.0140872 25.75
-0.0162961 25.8
-0.0184662 25.85
-0.0206017 25.9
-0.0227065 25.95
-0.0247846 26
-0.0268397 26.05
-0.0288757 26.1
-0.030896 26.15
-0.0329044 26.2
-0.0349043 26.25
-0.0368991 26.3
-0.0388924 26.35
-0.0408877 26.4
-0.0428884 26.45
-0.0448982 26.5
-0.0469204 26.55
-0.048959 26.6
-0.0510173 26.65
-0.0530994 26.7
-0.055209 26.75
-0.0573502 26.8
-0.0595272 26.85
-0.0617442 26.9
-0.0640055 26.95
-0.0663159 27
-0.0686803 27.05
-0.0713042 27.1
-0.0751874 27.15
-0.0789043 27.2
-0.0824594 27.25
-0.085857 27.3
-0.089101 27.35
-0.0921953 27.4
-0.0951429 27.45
-0.0979475 27.5
-0.100613 27.55
-0.103142 27.6
-0.105539 27.65
-0.107806 27.7
-0.109946 27.75
-0.111964 27.8
-0.113862 27.85
-0.115645 27.9
-0.117317 27.95
-0.11888 28
-0.12034 28.05
-0.121701 28.1
-0.122968 28.15
-0.124146 28.2
-0.12524 28.25
-0.126257 28.3
-0.127201 28.35
-0.12808 28.4
-0.128901 28.45
-0.12967 28.5
-0.130396 28.55
-0.131087 28.6
-0.13175 28.65
-0.132398 28.7
-0.133038 28.75
-0.133681 28.8
-0.13434 28.85
-0.135025 28.9
-0.135752 28.95
-0.136531 29
-0.137381 29.05
-0.138315 29.1
-0.142186 29.15
-0.14673 29.2
-0.15102 29.25
-0.155056 29.3
-0.158839 29.35
-0.162369 29.4
-0.165648 29.45
-0.168676 29.5
-0.171454 29.55
-0.173984 29.6
-0.176265 29.65
-0.178301 29.7
-0.18009 29.75
-0.181636 29.8
-0.182941 29.85
-0.184007 29.9
-0.184836 29.95
-0.185433 30
-0.1858 30.05
-0.185943 30.1
-0.185865 30.15
-0.185571 30.2
-0.185069 30.25
-0.184361 30.3
-0.183457 30.35
-0.182364 30.4
-0.181089 30.45
-0.17964 30.5
-0.178026 30.55
-0.176257 30.6
-0.174346 30.65
-0.1723 30.7
-0.170132 30.75
-0.167856 30.8
-0.165484 30.85
-0.16303 30.9
-0.16051 30.95
-0.15794 31
-0.155336 31.05
-0.152719 31.1
-0.150108 31.15
-0.147525 31.2
-0.151374 31.25
-0.159326 31.3
-0.168305 31.35
-0.178269 31.4
-0.18916 31.45
-0.200912 31.5
-0.213447 31.55
-0.226674 31.6
-0.240491 31.65
-0.254782 31.7
-0.269421 31.75
-0.284274 31.8
-0.299191 31.85
-0.314017 31.9
-0.328593 31.95
-0.34275 32
-0.356321 32.05
-0.369137 32.1
-0.381037 32.15
-0.391862 32.2
-0.401468 32.25
-0.409726 32.3
-0.416518 32.35
-0.421752 32.4
-0.425356 32.45
-0.427276 32.5
-0.427491 32.55
-0.425992 32.6
-0.422799 32.65
-0.417946 32.7
-0.411489 32.75
-0.403494 32.8
-0.394035 32.85
-0.383194 32.9
-0.371054 32.95
-0.35769 33
-0.343179 33.05
-0.386791 33.1
-0.400866 33.15
-0.415592 33.2
-0.430909 33.25
-0.44674 33.3
-0.463006 33.35
-0.4796 33.4
-0.49641 33.45
-0.513298 33.5
-0.53011 33.55
-0.546679 33.6
-0.562815 33.65
-0.578309 33.7
-0.592943 33.75
-0.606481 33.8
-0.618684 33.85
-0.629305 33.9
-0.638104 33.95
-0.644847 34
-0.649318 34.05
-0.651317 34.1
-0.650677 34.15
-0.647255 34.2
-0.640957 34.25
-0.631709 34.3
-0.619482 34.35
-0.604278 34.4
-0.586119 34.45
-0.565052 34.5
-0.541135 34.55
-0.514428 34.6
-0.484975 34.65
-0.452804 34.7
-0.417914 34.75
-0.380251 34.8
-0.352441 34.85
-0.340963 34.9
-0.331592 34.95
-0.32413 35
-0.318395 35.05
-0.314229 35.1
-0.311474 35.15
-0.309993 35.2
-0.309649 35.25
-0.310318 35.3
-0.311871 35.35
-0.314191 35.4
-0.317161 35.45
-0.320657 35.5
-0.324567 35.55
-0.32877 35.6
-0.33315 35.65
-0.337587 35.7
-0.341966 35.75
-0.346171 35.8
-0.350085 35.85
-0.353601 35.9
-0.356613 35.95
-0.359022 36
-0.360732 36.05
-0.361665 36.1
-0.361748 36.15
-0.360918 36.2
-0.359126 36.25
-0.356337 36.3
-0.352532 36.35
-0.347696 36.4
-0.341838 36.45
-0.334971 36.5
-0.327122 36.55
-0.318326 36.6
-0.308629 36.65
-0.298081 36.7
-0.286737 36.75
-0.274652 36.8
-0.261886 36.85
-0.248496 36.9
-0.234535 36.95
-0.220055 37
-0.205101 37.05
-0.189712 37.1
-0.173918 37.15
-0.157741 37.2
-0.141198 37.25
-0.133498 37.3
-0.133817 37.35
-0.132834 37.4
-0.130749 37.45
-0.127759 37.5
-0.124056 37.55
-0.11983 37.6
-0.115266 37.65
-0.110542 37.7
-0.10583 37.75
-0.101297 37.8
-0.0971029 37.85
-0.0934002 37.9
-0.0903363 37.95
-0.0880514 38
-0.0866808 38.05
-0.0863547 38.1
-0.0871999 38.15
-0.0893388 38.2
-0.0928936 38.25
-0.0979843 38.3
-0.104732 38.35
-0.11326 38.4
-0.123694 38.45
-0.136164 38.5
-0.15081 38.55
-0.167773 38.6
-0.187209 38.65
-0.209278 38.7
-0.234149 38.75
-0.262001 38.8
-0.293018 38.85
-0.326904 38.9
-0.359659 38.95
-0.390436 39
-0.41931 39.05
-0.446328 39.1
-0.471514 39.15
-0.494885 39.2
-0.51644 39.25
-0.536172 39.3
-0.554064 39.35
-0.570107 39.4
-0.584284 39.45
-0.596589 39.5
-0.60702 39.55
-0.615587 39.6
-0.622308 39.65
-0.627217 39.7
-0.630358 39.75
-0.631784 39.8
-0.631568 39.85
-0.629787 39.9
-0.626528 39.95
-0.621888 40
-0.615968 40.05
-0.60887 40.1
-0.600701 40.15
-0.591568 40.2
-0.581569 40.25
-0.570808 40.3
-0.559373 40.35
-0.547356 40.4
-0.534835 40.45
-0.521884 40.5
-0.508566 40.55
-0.494942 40.6
-0.481058 40.65
-0.466959 40.7
-0.452676 40.75
-0.438239 40.8
-0.42367 40.85
-0.408984 40.9
-0.394191 40.95
-0.379301 41
-0.364311 41.05
-0.349222 41.1
-0.334031 41.15
-0.319088 41.2
-0.305123 41.25
-0.291932 41.3
-0.279449 41.35
-0.267615 41.4
-0.256377 41.45
-0.245684 41.5
-0.235492 41.55
-0.22576 41.6
-0.21645 41.65
-0.207528 41.7
-0.198966 41.75
-0.190731 41.8
-0.182802 41.85
-0.175152 41.9
-0.167763 41.95
-0.160614 42
-0.153687 42.05
-0.146967 42.1
-0.140439 42.15
-0.13409 42.2
-0.127909 42.25
-0.121886 42.3
-0.11601 42.35
-0.110272 42.4
-0.104666 42.45
-0.0991856 42.5
-0.093824 42.55
-0.0885768 42.6
-0.0834397 42.65
-0.0784093 42.7
-0.073483 42.75
-0.0686587 42.8
-0.0639351 42.85
-0.0593111 42.9
-0.0547871 42.95
-0.050363 43
-0.0460402 43.05
-0.0418199 43.1
-0.0377046 43.15
-0.0336965 43.2
-0.0297988 43.25
-0.0260151 43.3
-0.0223496 43.35
-0.0188068 43.4
-0.0153914 43.45
-0.0121089 43.5
-0.008965 43.55
-0.00592213 43.6
-0.00296857 43.65
-0.000130033 43.7
0.00259277 43.75
0.00519955 43.8
0.00769052 43.85
0.0100662 43.9
0.0123274 43.95
0.0144753 44
0.0165112 44.05
0.0184365 44.1
0.0202529 44.15
0.0219621 44.2
0.0235656 44.25
0.0250652 44.3
0.0264627 44.35
0.0277596 44.4
0.0289574 44.45
0.0300573 44.5
0.0310606 44.55
0.0319684 44.6
0.0327813 44.65
0.0334998 44.7
0.0341242 44.75
0.0346544 44.8
0.0350894 44.85
0.0354296 44.9
0.0356717 44.95
0.0358157 45
0.0358583 45.05
0.0357959 45.1
0.0356251 45.15
0.0353407 45.2
0.0349387 45.25
0.034412 45.3
0.0337519 45.35
0.03295 45.4
0.0319944 45.45
0.0308743 45.5
0.0295739 45.55
0.0280764 45.6
0.0263625 45.65
0.0244069 45.7
0.0221837 45.75
0.0196595 45.8
0.0167971 45.85
0.013548 45.9
0.0114603 45.95
0.0107882 46
0.0101478 46.05
0.00954126 46.1
0.00896213 46.15
0.00841219 46.2
0.0078896 46.25
0.00739037 46.3
0.0069178 46.35
0.00646695 46.4
0.0060384 46.45
0.00563334 46.5
0.00524346 46.55
0.00487605 46.6
0.00452734 46.65
0.00419332 46.7
0.00387783 46.75
0.00357605 46.8
0.0032893 46.85
0.00301623 46.9
0.00275616 46.95
0.00250832 47
0.00227558 47.05
0.00205341 47.1
0.00184056 47.15
0.00164299 47.2
0.00145017 47.25
0.00126185 47.3
0.0010903 47.35
0.000931182 47.4
0.000774199 47.45
0.000624709 47.5
0.000478857 47.55
0.000347289 47.6
0.000221301 47.65
8.54049e-05 47.7
-2.62083e-05 47.75
-0.000109854 47.8
-0.000250433 47.85
-0.000329178 47.9
-0.000418546 47.95
-0.000507459 48
-0.000605919 48.05
-0.000378422 48.1
1.0883e-05    48.1
1.0883e-05    48.1
1.0883e-05    48.1
1.0883e-05    48.1
1.0883e-05    48.1
1.0883e-05    48.1
1.0883e-05    48.1
1.0883e-05    48.1
1.0883e-05    48.1
1.0883e-05    48.1
1.0883e-05    48.1
1.0883e-05    48.1
1.0883e-05    48.1
1.0883e-05    48.1
1.0883e-05    48.1
1.0883e-05    48.1
1.0883e-05    48.1
1.0883e-05    48.1
1.0883e-05    48.1
1.0883e-05    48.1
1.0883e-05    48.1
