2.15004 0.05
2.1503 0.1
2.151 0.15
2.15232 0.2
2.15443 0.25
2.15747 0.3
2.16159 0.35
2.16689 0.4
2.17348 0.45
2.18144 0.5
2.19083 0.55
2.20173 0.6
2.21415 0.65
2.22815 0.7
2.24374 0.75
2.26093 0.8
2.27971 0.85
2.30008 0.9
2.32203 0.95
2.34551 1
2.37052 1.05
2.39699 1.1
2.42491 1.15
2.45421 1.2
2.48484 1.25
2.51676 1.3
2.54991 1.35
2.58423 1.4
2.61967 1.45
2.65617 1.5
2.69368 1.55
2.73213 1.6
2.77147 1.65
2.81161 1.7
2.8525 1.75
2.89405 1.8
2.93619 1.85
2.97885 1.9
3.02195 1.95
3.06543 2
3.1092 2.05
3.15319 2.1
3.19734 2.15
3.24156 2.2
3.28579 2.25
3.32995 2.3
3.37399 2.35
3.41782 2.4
3.46138 2.45
3.50462 2.5
3.54746 2.55
3.58984 2.6
3.63171 2.65
3.67302 2.7
3.7137 2.75
3.75371 2.8
3.79299 2.85
3.83152 2.9
3.86923 2.95
3.90611 3
3.9421 3.05
3.97719 3.1
4.01135 3.15
4.04455 3.2
4.07677 3.25
4.10801 3.3
4.13826 3.35
4.16751 3.4
4.19576 3.45
4.22302 3.5
4.24931 3.55
4.27464 3.6
4.29905 3.65
4.32257 3.7
4.34524 3.75
4.36709 3.8
4.38814 3.85
4.40842 3.9
4.42794 3.95
4.44671 4
4.46476 4.05
4.4821 4.1
4.49872 4.15
4.51463 4.2
4.52984 4.25
4.54435 4.3
4.55814 4.35
4.57123 4.4
4.58361 4.45
4.59526 4.5
4.60618 4.55
4.61635 4.6
4.62578 4.65
4.63444 4.7
4.64231 4.75
4.6494 4.8
4.6557 4.85
4.66115 4.9
4.66587 4.95
4.66989 5
4.67324 5.05
4.67594 5.1
4.67802 5.15
4.67949 5.2
4.68037 5.25
4.68068 5.3
4.68043 5.35
4.67963 5.4
4.6783 5.45
4.67643 5.5
4.67405 5.55
4.67115 5.6
4.66774 5.65
4.66382 5.7
4.65939 5.75
4.65447 5.8
4.64904 5.85
4.64312 5.9
4.63671 5.95
4.6298 6
4.6224 6.05
4.61451 6.1
4.60613 6.15
4.59728 6.2
4.58794 6.25
4.57814 6.3
4.56787 6.35
4.55714 6.4
4.54596 6.45
4.53434 6.5
4.5223 6.55
4.50985 6.6
4.497 6.65
4.48378 6.7
4.4702 6.75
4.45627 6.8
4.44202 6.85
4.42745 6.9
4.41258 6.95
4.39743 7
4.38201 7.05
4.36633 7.1
4.3504 7.15
4.33424 7.2
4.31787 7.25
4.30128 7.3
4.2845 7.35
4.26754 7.4
4.25041 7.45
4.23312 7.5
4.21567 7.55
4.19809 7.6
4.18038 7.65
4.16256 7.7
4.14463 7.75
4.1266 7.8
4.10848 7.85
4.09029 7.9
4.07204 7.95
4.05373 8
4.03537 8.05
4.01698 8.1
3.99856 8.15
3.98013 8.2
3.9617 8.25
3.94326 8.3
3.92485 8.35
3.90646 8.4
3.8881 8.45
3.86979 8.5
3.85153 8.55
3.83333 8.6
3.8152 8.65
3.79716 8.7
3.7792 8.75
3.76135 8.8
3.7436 8.85
3.72597 8.9
3.70846 8.95
3.69109 9
3.67387 9.05
3.6568 9.1
3.63989 9.15
3.62315 9.2
3.6066 9.25
3.59024 9.3
3.57408 9.35
3.55813 9.4
3.5424 9.45
3.52691 9.5
3.51166 9.55
3.49666 9.6
3.48193 9.65
3.46748 9.7
3.45332 9.75
3.43946 9.8
3.42591 9.85
3.41269 9.9
3.3998 9.95
3.38725 10
3.37504 10.05
3.36318 10.1
3.35167 10.15
3.34051 10.2
3.32971 10.25
3.31928 10.3
3.30921 10.35
3.29952 10.4
3.2902 10.45
3.28127 10.5
3.27272 10.55
3.26455 10.6
3.25678 10.65
3.24941 10.7
3.24244 10.75
3.23588 10.8
3.22974 10.85
3.22401 10.9
3.21872 10.95
3.21385 11
3.20943 11.05
3.20545 11.1
3.20193 11.15
3.19887 11.2
3.19629 11.25
3.1942 11.3
3.1926 11.35
3.19151 11.4
3.19094 11.45
3.19089 11.5
3.19135 11.55
3.19233 11.6
3.19382 11.65
3.19583 11.7
3.19834 11.75
3.20138 11.8
3.20493 11.85
3.20901 11.9
3.21362 11.95
3.21878 12
3.22447 12.05
3.23073 12.1
3.23754 12.15
3.24493 12.2
3.25289 12.25
3.26143 12.3
3.27057 12.35
3.2803 12.4
3.29064 12.45
3.30158 12.5
3.31314 12.55
3.3253 12.6
3.33808 12.65
3.35147 12.7
3.36547 12.75
3.38007 12.8
3.39526 12.85
3.41104 12.9
3.42741 12.95
3.44438 13
3.4621 13.05
3.48049 13.1
3.49943 13.15
3.51885 13.2
3.53866 13.25
3.55879 13.3
3.57918 13.35
3.59976 13.4
3.62048 13.45
3.64131 13.5
3.6622 13.55
3.68314 13.6
3.70408 13.65
3.72501 13.7
3.74593 13.75
3.76681 13.8
3.78767 13.85
3.80849 13.9
3.82928 13.95
3.85006 14
3.87084 14.05
3.89162 14.1
3.91244 14.15
3.93331 14.2
3.95425 14.25
3.97529 14.3
3.99647 14.35
4.0178 14.4
4.03932 14.45
4.06106 14.5
4.08304 14.55
4.10532 14.6
4.1279 14.65
4.15083 14.7
4.17408 14.75
4.19763 14.8
4.22147 14.85
4.24556 14.9
4.26988 14.95
4.29442 15
4.31916 15.05
4.34408 15.1
4.36917 15.15
4.3944 15.2
4.41977 15.25
4.44527 15.3
4.47089 15.35
4.49661 15.4
4.52242 15.45
4.54833 15.5
4.57432 15.55
4.60038 15.6
4.62652 15.65
4.65272 15.7
4.67898 15.75
4.70531 15.8
4.73169 15.85
4.75812 15.9
4.78461 15.95
4.81115 16
4.83774 16.05
4.86438 16.1
4.89107 16.15
4.91781 16.2
4.9446 16.25
4.97144 16.3
4.99833 16.35
5.02528 16.4
5.05228 16.45
5.07933 16.5
5.10643 16.55
5.13358 16.6
5.16079 16.65
5.18805 16.7
5.21536 16.75
5.24271 16.8
5.27008 16.85
5.29748 16.9
5.3249 16.95
5.35232 17
5.37974 17.05
5.40716 17.1
5.43457 17.15
5.46196 17.2
5.48933 17.25
5.51668 17.3
5.54399 17.35
5.57127 17.4
5.59851 17.45
5.6257 17.5
5.65285 17.55
5.67995 17.6
5.707 17.65
5.73399 17.7
5.76092 17.75
5.78779 17.8
5.8146 17.85
5.84134 17.9
5.86802 17.95
5.89463 18
5.92117 18.05
5.94764 18.1
5.97404 18.15
6.00036 18.2
6.02661 18.25
6.05279 18.3
6.07889 18.35
6.10491 18.4
6.13086 18.45
6.15673 18.5
6.18252 18.55
6.20823 18.6
6.23386 18.65
6.25941 18.7
6.28489 18.75
6.31028 18.8
6.33559 18.85
6.36082 18.9
6.38597 18.95
6.41103 19
6.436 19.05
6.46089 19.1
6.48568 19.15
6.51037 19.2
6.53496 19.25
6.55945 19.3
6.58383 19.35
6.60811 19.4
6.63227 19.45
6.65632 19.5
6.68026 19.55
6.70408 19.6
6.72778 19.65
6.75136 19.7
6.77482 19.75
6.79816 19.8
6.82137 19.85
6.84445 19.9
6.86741 19.95
6.89024 20
6.91295 20.05
6.93552 20.1
6.95797 20.15
6.98029 20.2
7.00248 20.25
7.02454 20.3
7.04647 20.35
7.06827 20.4
7.08995 20.45
7.1115 20.5
7.13292 20.55
7.15422 20.6
7.1754 20.65
7.19646 20.7
7.2174 20.75
7.23822 20.8
7.25893 20.85
7.27952 20.9
7.3 20.95
7.32038 21
7.34065 21.05
7.36082 21.1
7.38089 21.15
7.40087 21.2
7.42076 21.25
7.44056 21.3
7.46028 21.35
7.47991 21.4
7.49945 21.45
7.51892 21.5
7.5383 21.55
7.55761 21.6
7.57683 21.65
7.59598 21.7
7.61504 21.75
7.63403 21.8
7.65294 21.85
7.67178 21.9
7.69053 21.95
7.70921 22
7.72781 22.05
7.74633 22.1
7.76477 22.15
7.78314 22.2
7.80143 22.25
7.81965 22.3
7.83778 22.35
7.85584 22.4
7.87383 22.45
7.89174 22.5
7.90957 22.55
7.92733 22.6
7.94501 22.65
7.96262 22.7
7.98016 22.75
7.99763 22.8
8.01505 22.85
8.03247 22.9
8.04993 22.95
8.06749 23
8.08516 23.05
8.10299 23.1
8.12102 23.15
8.13926 23.2
8.15775 23.25
8.1765 23.3
8.19555 23.35
8.21491 23.4
8.23459 23.45
8.25462 23.5
8.275 23.55
8.29574 23.6
8.31686 23.65
8.33836 23.7
8.36025 23.75
8.38252 23.8
8.40519 23.85
8.42824 23.9
8.45169 23.95
8.47553 24
8.49975 24.05
8.52436 24.1
8.54934 24.15
8.57469 24.2
8.60041 24.25
8.62648 24.3
8.6529 24.35
8.67966 24.4
8.70675 24.45
8.73417 24.5
8.76189 24.55
8.78992 24.6
8.81824 24.65
8.84684 24.7
8.87572 24.75
8.90486 24.8
8.93425 24.85
8.9639 24.9
8.99378 24.95
9.02389 25
9.05423 25.05
9.08478 25.1
9.11552 25.15
9.14645 25.2
9.17754 25.25
9.20879 25.3
9.24018 25.35
9.27171 25.4
9.30335 25.45
9.33511 25.5
9.36696 25.55
9.39889 25.6
9.4309 25.65
9.46297 25.7
9.4951 25.75
9.52727 25.8
9.55947 25.85
9.5917 25.9
9.62393 25.95
9.65618 26
9.68841 26.05
9.72064 26.1
9.75283 26.15
9.785 26.2
9.81712 26.25
9.8492 26.3
9.88121 26.35
9.91316 26.4
9.94503 26.45
9.97681 26.5
10.0085 26.55
10.0401 26.6
10.0716 26.65
10.1029 26.7
10.1342 26.75
10.1652 26.8
10.1962 26.85
10.227 26.9
10.2576 26.95
10.2881 27
10.3184 27.05
10.3485 27.1
10.3784 27.15
10.408 27.2
10.4375 27.25
10.4667 27.3
10.4957 27.35
10.5244 27.4
10.5529 27.45
10.5811 27.5
10.609 27.55
10.6366 27.6
10.6639 27.65
10.6909 27.7
10.7176 27.75
10.744 27.8
10.77 27.85
10.7957 27.9
10.8211 27.95
10.8461 28
10.8708 28.05
10.8951 28.1
10.9191 28.15
10.9427 28.2
10.9659 28.25
10.9888 28.3
11.0113 28.35
11.0335 28.4
11.0552 28.45
11.0766 28.5
11.0976 28.55
11.1182 28.6
11.1385 28.65
11.1583 28.7
11.1777 28.75
11.1968 28.8
11.2155 28.85
11.2337 28.9
11.2516 28.95
11.2691 29
11.2862 29.05
11.3028 29.1
11.3191 29.15
11.3349 29.2
11.3504 29.25
11.3654 29.3
11.38 29.35
11.3941 29.4
11.4079 29.45
11.4212 29.5
11.4341 29.55
11.4465 29.6
11.4585 29.65
11.4701 29.7
11.4813 29.75
11.492 29.8
11.5023 29.85
11.5122 29.9
11.5217 29.95
11.5308 30
11.5395 30.05
11.5478 30.1
11.5557 30.15
11.5633 30.2
11.5704 30.25
11.5772 30.3
11.5836 30.35
11.5897 30.4
11.5955 30.45
11.6009 30.5
11.6059 30.55
11.6107 30.6
11.6152 30.65
11.6193 30.7
11.6232 30.75
11.6268 30.8
11.6301 30.85
11.6331 30.9
11.6359 30.95
11.6385 31
11.6408 31.05
11.6429 31.1
11.6448 31.15
11.6465 31.2
11.648 31.25
11.6493 31.3
11.6504 31.35
11.6513 31.4
11.652 31.45
11.6525 31.5
11.6527 31.55
11.6528 31.6
11.6526 31.65
11.6522 31.7
11.6516 31.75
11.6507 31.8
11.6496 31.85
11.6482 31.9
11.6465 31.95
11.6445 32
11.6423 32.05
11.6397 32.1
11.6368 32.15
11.6337 32.2
11.6302 32.25
11.6264 32.3
11.6222 32.35
11.6177 32.4
11.6129 32.45
11.6077 32.5
11.6022 32.55
11.5964 32.6
11.5902 32.65
11.5836 32.7
11.5767 32.75
11.5695 32.8
11.5619 32.85
11.5541 32.9
11.5459 32.95
11.5374 33
11.5286 33.05
11.5195 33.1
11.5102 33.15
11.5005 33.2
11.4906 33.25
11.4803 33.3
11.4697 33.35
11.4587 33.4
11.4474 33.45
11.4357 33.5
11.4237 33.55
11.4113 33.6
11.3986 33.65
11.3855 33.7
11.372 33.75
11.3582 33.8
11.3439 33.85
11.3294 33.9
11.3144 33.95
11.2991 34
11.2834 34.05
11.2674 34.1
11.251 34.15
11.2342 34.2
11.2172 34.25
11.1998 34.3
11.182 34.35
11.164 34.4
11.1457 34.45
11.1271 34.5
11.1083 34.55
11.0892 34.6
11.0699 34.65
11.0504 34.7
11.0307 34.75
11.0109 34.8
10.9909 34.85
10.9708 34.9
10.9506 34.95
10.9304 35
10.9102 35.05
10.8899 35.1
10.8695 35.15
10.8492 35.2
10.829 35.25
10.8087 35.3
10.7885 35.35
10.7683 35.4
10.7482 35.45
10.7281 35.5
10.7081 35.55
10.6882 35.6
10.6684 35.65
10.6487 35.7
10.629 35.75
10.6095 35.8
10.59 35.85
10.5707 35.9
10.5514 35.95
10.5322 36
10.5131 36.05
10.4941 36.1
10.4752 36.15
10.4564 36.2
10.4376 36.25
10.4189 36.3
10.4003 36.35
10.3818 36.4
10.3633 36.45
10.3449 36.5
10.3266 36.55
10.3083 36.6
10.29 36.65
10.2718 36.7
10.2536 36.75
10.2354 36.8
10.2172 36.85
10.199 36.9
10.1809 36.95
10.1627 37
10.1446 37.05
10.1264 37.1
10.1082 37.15
10.09 37.2
10.0717 37.25
10.0535 37.3
10.0352 37.35
10.0168 37.4
9.99842 37.45
9.97999 37.5
9.96151 37.55
9.94299 37.6
9.92441 37.65
9.90578 37.7
9.88709 37.75
9.86832 37.8
9.84949 37.85
9.83059 37.9
9.81162 37.95
9.79256 38
9.77343 38.05
9.75423 38.1
9.73495 38.15
9.71561 38.2
9.69621 38.25
9.67675 38.3
9.65725 38.35
9.63772 38.4
9.61818 38.45
9.59864 38.5
9.57913 38.55
9.55967 38.6
9.54028 38.65
9.52101 38.7
9.50189 38.75
9.48295 38.8
9.46424 38.85
9.4458 38.9
9.42769 38.95
9.40996 39
9.39265 39.05
9.37581 39.1
9.35949 39.15
9.34373 39.2
9.32857 39.25
9.31404 39.3
9.30019 39.35
9.28703 39.4
9.27462 39.45
9.26296 39.5
9.2521 39.55
9.24206 39.6
9.23285 39.65
9.22451 39.7
9.21705 39.75
9.21049 39.8
9.20485 39.85
9.20013 39.9
9.19637 39.95
9.19355 40
9.1917 40.05
9.19083 40.1
9.19093 40.15
9.19203 40.2
9.19411 40.25
9.19718 40.3
9.20124 40.35
9.2063 40.4
9.21234 40.45
9.21938 40.5
9.2274 40.55
9.23639 40.6
9.24636 40.65
9.2573 40.7
9.26919 40.75
9.28202 40.8
9.2958 40.85
9.3105 40.9
9.32611 40.95
9.34262 41
9.36001 41.05
9.37828 41.1
9.3974 41.15
9.41736 41.2
9.43813 41.25
9.4597 41.3
9.48203 41.35
9.50511 41.4
9.52891 41.45
9.5534 41.5
9.57855 41.55
9.60436 41.6
9.63078 41.65
9.65781 41.7
9.68541 41.75
9.71357 41.8
9.74225 41.85
9.77145 41.9
9.80113 41.95
9.83128 42
9.86188 42.05
9.8929 42.1
9.92433 42.15
9.95614 42.2
9.98832 42.25
10.0208 42.3
10.0537 42.35
10.0868 42.4
10.1203 42.45
10.154 42.5
10.188 42.55
10.2222 42.6
10.2567 42.65
10.2913 42.7
10.3262 42.75
10.3612 42.8
10.3964 42.85
10.4318 42.9
10.4672 42.95
10.5028 43
10.5386 43.05
10.5744 43.1
10.6103 43.15
10.6463 43.2
10.6823 43.25
10.7185 43.3
10.7546 43.35
10.7908 43.4
10.8271 43.45
10.8634 43.5
10.8997 43.55
10.936 43.6
10.9723 43.65
11.0086 43.7
11.045 43.75
11.0813 43.8
11.1176 43.85
11.1538 43.9
11.1901 43.95
11.2263 44
11.2624 44.05
11.2985 44.1
11.3345 44.15
11.3705 44.2
11.4063 44.25
11.442 44.3
11.4777 44.35
11.5132 44.4
11.5485 44.45
11.5837 44.5
11.6188 44.55
11.6536 44.6
11.6883 44.65
11.7227 44.7
11.757 44.75
11.791 44.8
11.8248 44.85
11.8583 44.9
11.8915 44.95
11.9244 45
11.957 45.05
11.9893 45.1
12.0213 45.15
12.0529 45.2
12.0842 45.25
12.115 45.3
12.1455 45.35
12.1755 45.4
12.2052 45.45
12.2343 45.5
12.263 45.55
12.2913 45.6
12.319 45.65
12.3463 45.7
12.373 45.75
12.3992 45.8
12.4248 45.85
12.4498 45.9
12.4743 45.95
12.4982 46
12.5214 46.05
12.5441 46.1
12.5661 46.15
12.5874 46.2
12.6081 46.25
12.6281 46.3
12.6474 46.35
12.6661 46.4
12.684 46.45
12.7013 46.5
12.7178 46.55
12.7336 46.6
12.7487 46.65
12.7631 46.7
12.7767 46.75
12.7897 46.8
12.8019 46.85
12.8134 46.9
12.8242 46.95
12.8342 47
12.8436 47.05
12.8523 47.1
12.8604 47.15
12.8677 47.2
12.8744 47.25
12.8805 47.3
12.886 47.35
12.8909 47.4
12.8952 47.45
12.899 47.5
12.9022 47.55
12.905 47.6
12.9073 47.65
12.9092 47.7
12.9107 47.75
12.9118 47.8
12.9127 47.85
12.9133 47.9
12.9136 47.95
12.9138 48
12.9139 48.05
12.9139 48.1
