2.25001    0.05
2.25011    0.1
2.25037    0.15
2.25085    0.2
2.25162    0.25
2.25273    0.3
2.25424    0.35
2.25618    0.4
2.25859    0.45
2.2615    0.5
2.26494    0.55
2.26893    0.6
2.27349    0.65
2.27864    0.7
2.28437    0.75
2.29071    0.8
2.29764    0.85
2.30518    0.9
2.31332    0.95
2.32206    1
2.3314    1.05
2.34132    1.1
2.35182    1.15
2.36289    1.2
2.37453    1.25
2.38672    1.3
2.39946    1.35
2.41274    1.4
2.42655    1.45
2.44089    1.5
2.45576    1.55
2.47116    1.6
2.48711    1.65
2.50363    1.7
2.52074    1.75
2.53847    1.8
2.55683    1.85
2.57585    1.9
2.59555    1.95
2.61596    2
2.63708    2.05
2.65894    2.1
2.68156    2.15
2.70495    2.2
2.72914    2.25
2.75413    2.3
2.77994    2.35
2.80658    2.4
2.83406    2.45
2.86239    2.5
2.89158    2.55
2.92163    2.6
2.95254    2.65
2.98431    2.7
3.01694    2.75
3.05043    2.8
3.08477    2.85
3.11995    2.9
3.15595    2.95
3.19276    3
3.23036    3.05
3.26872    3.1
3.30783    3.15
3.34766    3.2
3.38816    3.25
3.4293    3.3
3.47105    3.35
3.51335    3.4
3.55617    3.45
3.59944    3.5
3.64311    3.55
3.68712    3.6
3.73141    3.65
3.77594    3.7
3.82065    3.75
3.8655    3.8
3.91045    3.85
3.95546    3.9
4.0005    3.95
4.04552    4
4.09051    4.05
4.13543    4.1
4.18026    4.15
4.22497    4.2
4.26954    4.25
4.31396    4.3
4.35819    4.35
4.40222    4.4
4.44605    4.45
4.48964    4.5
4.53299    4.55
4.57608    4.6
4.61891    4.65
4.66144    4.7
4.70369    4.75
4.74562    4.8
4.78723    4.85
4.82851    4.9
4.86951    4.95
4.91029    5
4.9509    5.05
4.9914    5.1
5.03185    5.15
5.07227    5.2
5.11271    5.25
5.15321    5.3
5.1938    5.35
5.23451    5.4
5.27536    5.45
5.31638    5.5
5.35758    5.55
5.39899    5.6
5.44061    5.65
5.48245    5.7
5.52453    5.75
5.56686    5.8
5.60942    5.85
5.65224    5.9
5.6953    5.95
5.73862    6
5.78217    6.05
5.82597    6.1
5.87    6.15
5.91426    6.2
5.95874    6.25
6.00344    6.3
6.04834    6.35
6.09343    6.4
6.13872    6.45
6.18418    6.5
6.22981    6.55
6.27559    6.6
6.32152    6.65
6.36757    6.7
6.41374    6.75
6.46001    6.8
6.50637    6.85
6.5528    6.9
6.5993    6.95
6.64585    7
6.69245    7.05
6.73909    7.1
6.78575    7.15
6.83244    7.2
6.87914    7.25
6.92585    7.3
6.97257    7.35
7.01928    7.4
7.06599    7.45
7.11268    7.5
7.15937    7.55
7.20604    7.6
7.25269    7.65
7.29932    7.7
7.34593    7.75
7.39253    7.8
7.4391    7.85
7.48565    7.9
7.53219    7.95
7.57871    8
7.62521    8.05
7.67171    8.1
7.71819    8.15
7.76467    8.2
7.81114    8.25
7.85762    8.3
7.9041    8.35
7.9506    8.4
7.9971    8.45
8.04362    8.5
8.09016    8.55
8.13672    8.6
8.1833    8.65
8.22991    8.7
8.27655    8.75
8.32322    8.8
8.36991    8.85
8.41664    8.9
8.4634    8.95
8.51019    9
8.55702    9.05
8.60387    9.1
8.65076    9.15
8.69767    9.2
8.74462    9.25
8.79159    9.3
8.83858    9.35
8.88559    9.4
8.93261    9.45
8.97965    9.5
9.02669    9.55
9.07374    9.6
9.12078    9.65
9.16781    9.7
9.21483    9.75
9.26181    9.8
9.30877    9.85
9.35568    9.9
9.40255    9.95
9.44936    10
9.49612    10.05
9.54281    10.1
9.58944    10.15
9.63599    10.2
9.68247    10.25
9.72886    10.3
9.77517    10.35
9.82139    10.4
9.86751    10.45
9.91354    10.5
9.95947    10.55
10.0053    10.6
10.051    10.65
10.0966    10.7
10.1421    10.75
10.1874    10.8
10.2327    10.85
10.2778    10.9
10.3228    10.95
10.3676    11
10.4123    11.05
10.4569    11.1
10.5013    11.15
10.5455    11.2
10.5897    11.25
10.6336    11.3
10.6774    11.35
10.721    11.4
10.7645    11.45
10.8078    11.5
10.8509    11.55
10.8938    11.6
10.9366    11.65
10.9792    11.7
11.0217    11.75
11.064    11.8
11.1061    11.85
11.148    11.9
11.1898    11.95
11.2315    12
11.273    12.05
11.3143    12.1
11.3555    12.15
11.3966    12.2
11.4375    12.25
11.4782    12.3
11.5188    12.35
11.5593    12.4
11.5997    12.45
11.6399    12.5
11.6801    12.55
11.7201    12.6
11.76    12.65
11.7998    12.7
11.8395    12.75
11.8792    12.8
11.9188    12.85
11.9583    12.9
11.9978    12.95
12.0372    13
12.0765    13.05
12.1154    13.1
12.1539    13.15
12.1917    13.2
12.2289    13.25
12.2652    13.3
12.3006    13.35
12.3352    13.4
12.3687    13.45
12.4012    13.5
12.4326    13.55
12.4631    13.6
12.4924    13.65
12.5207    13.7
12.5479    13.75
12.5741    13.8
12.5993    13.85
12.6235    13.9
12.6467    13.95
12.669    14
12.6904    14.05
12.7108    14.1
12.7304    14.15
12.7492    14.2
12.7671    14.25
12.7841    14.3
12.8003    14.35
12.8156    14.4
12.83    14.45
12.8435    14.5
12.8561    14.55
12.8676    14.6
12.878    14.65
12.8872    14.7
12.8953    14.75
12.9023    14.8
12.9083    14.85
12.9133    14.9
12.9174    14.95
12.9207    15
12.923    15.05
12.9247    15.1
12.9255    15.15
12.9256    15.2
12.925    15.25
12.9238    15.3
12.9219    15.35
12.9194    15.4
12.9162    15.45
12.9125    15.5
12.9082    15.55
12.9033    15.6
12.8978    15.65
12.8918    15.7
12.8852    15.75
12.8781    15.8
12.8704    15.85
12.8623    15.9
12.8536    15.95
12.8444    16
12.8347    16.05
12.8245    16.1
12.8138    16.15
12.8026    16.2
12.791    16.25
12.7789    16.3
12.7663    16.35
12.7533    16.4
12.74    16.45
12.7262    16.5
12.7121    16.55
12.6976    16.6
12.6829    16.65
12.6678    16.7
12.6525    16.75
12.637    16.8
12.6212    16.85
12.6052    16.9
12.5889    16.95
12.5724    17
12.5557    17.05
12.5388    17.1
12.5216    17.15
12.5042    17.2
12.4867    17.25
12.4689    17.3
12.4509    17.35
12.4326    17.4
12.4142    17.45
12.3956    17.5
12.3768    17.55
12.3578    17.6
12.3385    17.65
12.3191    17.7
12.2995    17.75
12.2797    17.8
12.2597    17.85
12.2395    17.9
12.2191    17.95
12.1985    18
12.1778    18.05
12.1568    18.1
12.1357    18.15
12.1144    18.2
12.0929    18.25
12.0712    18.3
12.0493    18.35
12.0273    18.4
12.0051    18.45
11.9828    18.5
11.9602    18.55
11.9376    18.6
11.9147    18.65
11.8917    18.7
11.8686    18.75
11.8453    18.8
11.8219    18.85
11.7984    18.9
11.7748    18.95
11.751    19
11.7271    19.05
11.7031    19.1
11.679    19.15
11.6548    19.2
11.6305    19.25
11.6061    19.3
11.5815    19.35
11.5568    19.4
11.5321    19.45
11.5072    19.5
11.4822    19.55
11.4571    19.6
11.4319    19.65
11.4065    19.7
11.3811    19.75
11.3556    19.8
11.3299    19.85
11.3042    19.9
11.2784    19.95
11.2524    20
11.2264    20.05
11.2002    20.1
11.174    20.15
11.1477    20.2
11.1212    20.25
11.0947    20.3
11.0681    20.35
11.0414    20.4
11.0146    20.45
10.9877    20.5
10.9608    20.55
10.9337    20.6
10.9066    20.65
10.8794    20.7
10.8522    20.75
10.8249    20.8
10.7975    20.85
10.7701    20.9
10.7426    20.95
10.715    21
10.6874    21.05
10.6598    21.1
10.6321    21.15
10.6044    21.2
10.5767    21.25
10.5489    21.3
10.5211    21.35
10.4933    21.4
10.4655    21.45
10.4377    21.5
10.4098    21.55
10.3819    21.6
10.3541    21.65
10.3262    21.7
10.2983    21.75
10.2703    21.8
10.2424    21.85
10.2145    21.9
10.1866    21.95
10.1586    22
10.1307    22.05
10.1027    22.1
10.0748    22.15
10.0468    22.2
10.0188    22.25
9.99088    22.3
9.96292    22.35
9.93496    22.4
9.90701    22.45
9.87906    22.5
9.85111    22.55
9.82317    22.6
9.79523    22.65
9.7673    22.7
9.73938    22.75
9.71147    22.8
9.68356    22.85
9.65563    22.9
9.62765    22.95
9.59961    23
9.57148    23.05
9.54325    23.1
9.51491    23.15
9.48643    23.2
9.45781    23.25
9.42904    23.3
9.4001    23.35
9.371    23.4
9.34171    23.45
9.31224    23.5
9.28257    23.55
9.25271    23.6
9.22266    23.65
9.19241    23.7
9.16195    23.75
9.13129    23.8
9.10044    23.85
9.06938    23.9
9.03812    23.95
9.00666    24
8.97501    24.05
8.94317    24.1
8.91114    24.15
8.87892    24.2
8.84651    24.25
8.81393    24.3
8.78117    24.35
8.74823    24.4
8.71513    24.45
8.68186    24.5
8.64842    24.55
8.61482    24.6
8.58106    24.65
8.54715    24.7
8.51307    24.75
8.47884    24.8
8.44445    24.85
8.40991    24.9
8.37521    24.95
8.34035    25
8.30532    25.05
8.27014    25.1
8.23481    25.15
8.19933    25.2
8.16371    25.25
8.12795    25.3
8.09205    25.35
8.05603    25.4
8.01988    25.45
7.98361    25.5
7.94721    25.55
7.91071    25.6
7.87409    25.65
7.83736    25.7
7.80053    25.75
7.7636    25.8
7.72656    25.85
7.68943    25.9
7.65221    25.95
7.6149    26
7.5775    26.05
7.54002    26.1
7.50246    26.15
7.46481    26.2
7.42709    26.25
7.3893    26.3
7.35143    26.35
7.3135    26.4
7.2755    26.45
7.23743    26.5
7.19931    26.55
7.16112    26.6
7.12288    26.65
7.08458    26.7
7.04624    26.75
7.00784    26.8
6.9694    26.85
6.93092    26.9
6.89239    26.95
6.85383    27
6.81523    27.05
6.7766    27.1
6.73794    27.15
6.69926    27.2
6.66055    27.25
6.62181    27.3
6.58306    27.35
6.54429    27.4
6.5055    27.45
6.46671    27.5
6.42791    27.55
6.3891    27.6
6.35029    27.65
6.31149    27.7
6.27269    27.75
6.23391    27.8
6.19514    27.85
6.15639    27.9
6.11767    27.95
6.07898    28
6.04032    28.05
6.00171    28.1
5.96314    28.15
5.92463    28.2
5.88617    28.25
5.84779    28.3
5.80947    28.35
5.77124    28.4
5.7331    28.45
5.69505    28.5
5.6571    28.55
5.61927    28.6
5.58156    28.65
5.54398    28.7
5.50655    28.75
5.46926    28.8
5.43213    28.85
5.39517    28.9
5.3584    28.95
5.32182    29
5.28544    29.05
5.24928    29.1
5.21335    29.15
5.17765    29.2
5.14219    29.25
5.10697    29.3
5.072    29.35
5.03728    29.4
5.00281    29.45
4.9686    29.5
4.93465    29.55
4.90096    29.6
4.86754    29.65
4.8344    29.7
4.80154    29.75
4.76895    29.8
4.73666    29.85
4.70465    29.9
4.67294    29.95
4.64153    30
4.61043    30.05
4.57964    30.1
4.54915    30.15
4.51899    30.2
4.48915    30.25
4.45964    30.3
4.43046    30.35
4.40161    30.4
4.37311    30.45
4.34495    30.5
4.31713    30.55
4.28968    30.6
4.26258    30.65
4.23584    30.7
4.20946    30.75
4.18346    30.8
4.15783    30.85
4.13257    30.9
4.1077    30.95
4.08321    31
4.0591    31.05
4.03539    31.1
4.01207    31.15
3.98915    31.2
3.96662    31.25
3.94448    31.3
3.92272    31.35
3.90132    31.4
3.88026    31.45
3.85953    31.5
3.83912    31.55
3.81901    31.6
3.79919    31.65
3.77965    31.7
3.76037    31.75
3.74135    31.8
3.72256    31.85
3.70401    31.9
3.68567    31.95
3.66755    32
3.64962    32.05
3.63189    32.1
3.61433    32.15
3.59695    32.2
3.57973    32.25
3.56267    32.3
3.54577    32.35
3.52901    32.4
3.51239    32.45
3.4959    32.5
3.47954    32.55
3.46331    32.6
3.44721    32.65
3.43123    32.7
3.41536    32.75
3.39962    32.8
3.38399    32.85
3.36848    32.9
3.35309    32.95
3.33783    33
3.32268    33.05
3.30767    33.1
3.29278    33.15
3.27807    33.2
3.26354    33.25
3.24921    33.3
3.23508    33.35
3.22119    33.4
3.20754    33.45
3.19416    33.5
3.18107    33.55
3.16827    33.6
3.15581    33.65
3.14368    33.7
3.13192    33.75
3.12055    33.8
3.10957    33.85
3.09901    33.9
3.08889    33.95
3.07921    34
3.07    34.05
3.06127    34.1
3.05303    34.15
3.04528    34.2
3.03805    34.25
3.03132    34.3
3.0251    34.35
3.0194    34.4
3.01421    34.45
3.00952    34.5
3.00533    34.55
3.00163    34.6
2.99839    34.65
2.99561    34.7
2.99325    34.75
2.9913    34.8
2.98971    34.85
2.98847    34.9
2.98758    34.95
2.98701    35
2.98677    35.05
2.98686    35.1
2.98726    35.15
2.98799    35.2
2.98902    35.25
2.99037    35.3
2.99203    35.35
2.99401    35.4
2.9963    35.45
2.9989    35.5
3.00183    35.55
3.00507    35.6
3.00863    35.65
3.01252    35.7
3.01674    35.75
3.02128    35.8
3.02617    35.85
3.03139    35.9
3.03695    35.95
3.04286    36
3.04912    36.05
3.05573    36.1
3.0627    36.15
3.07002    36.2
3.07771    36.25
3.08575    36.3
3.09417    36.35
3.10294    36.4
3.11209    36.45
3.1216    36.5
3.13148    36.55
3.14172    36.6
3.15233    36.65
3.16329    36.7
3.17461    36.75
3.18628    36.8
3.19829    36.85
3.21065    36.9
3.22333    36.95
3.23633    37
3.24964    37.05
3.26325    37.1
3.27715    37.15
3.29132    37.2
3.30574    37.25
3.3204    37.3
3.33529    37.35
3.35041    37.4
3.36577    37.45
3.38137    37.5
3.39721    37.55
3.4133    37.6
3.42963    37.65
3.44619    37.7
3.463    37.75
3.48005    37.8
3.49734    37.85
3.51486    37.9
3.53262    37.95
3.55061    38
3.56883    38.05
3.58729    38.1
3.60597    38.15
3.62488    38.2
3.64403    38.25
3.6634    38.3
3.68301    38.35
3.70286    38.4
3.72295    38.45
3.74328    38.5
3.76386    38.55
3.7847    38.6
3.80582    38.65
3.8272    38.7
3.84888    38.75
3.87087    38.8
3.89317    38.85
3.91582    38.9
3.93882    38.95
3.96219    39
3.98595    39.05
4.01011    39.1
4.03468    39.15
4.05966    39.2
4.08507    39.25
4.11091    39.3
4.13719    39.35
4.16389    39.4
4.19103    39.45
4.21859    39.5
4.24659    39.55
4.275    39.6
4.30383    39.65
4.33307    39.7
4.36272    39.75
4.39275    39.8
4.42317    39.85
4.45396    39.9
4.4851    39.95
4.5166    40
4.54843    40.05
4.58059    40.1
4.61306    40.15
4.64582    40.2
4.67887    40.25
4.71218    40.3
4.74575    40.35
4.77956    40.4
4.8136    40.45
4.84786    40.5
4.88232    40.55
4.91697    40.6
4.95179    40.65
4.98679    40.7
5.02193    40.75
5.05723    40.8
5.09266    40.85
5.12823    40.9
5.16391    40.95
5.19971    41
5.23563    41.05
5.27165    41.1
5.30779    41.15
5.34402    41.2
5.38036    41.25
5.41678    41.3
5.45327    41.35
5.48982    41.4
5.52641    41.45
5.56303    41.5
5.59967    41.55
5.63632    41.6
5.67297    41.65
5.7096    41.7
5.74621    41.75
5.7828    41.8
5.81935    41.85
5.85586    41.9
5.89231    41.95
5.92872    42
5.96506    42.05
6.00134    42.1
6.03754    42.15
6.07368    42.2
6.10974    42.25
6.14573    42.3
6.18163    42.35
6.21745    42.4
6.25319    42.45
6.28885    42.5
6.32442    42.55
6.35991    42.6
6.39532    42.65
6.43065    42.7
6.46589    42.75
6.50106    42.8
6.53615    42.85
6.57117    42.9
6.60611    42.95
6.64099    43
6.6758    43.05
6.71055    43.1
6.74524    43.15
6.77988    43.2
6.81447    43.25
6.84901    43.3
6.88351    43.35
6.91798    43.4
6.95241    43.45
6.98681    43.5
7.0212    43.55
7.05557    43.6
7.08992    43.65
7.12427    43.7
7.15862    43.75
7.19297    43.8
7.22732    43.85
7.26167    43.9
7.29603    43.95
7.33039    44
7.36475    44.05
7.39911    44.1
7.43346    44.15
7.46781    44.2
7.50214    44.25
7.53646    44.3
7.57074    44.35
7.605    44.4
7.63922    44.45
7.67339    44.5
7.7075    44.55
7.74154    44.6
7.7755    44.65
7.80938    44.7
7.84315    44.75
7.8768    44.8
7.91033    44.85
7.94371    44.9
7.97694    44.95
8.00999    45
8.04285    45.05
8.0755    45.1
8.10792    45.15
8.14011    45.2
8.17203    45.25
8.20367    45.3
8.23501    45.35
8.26603    45.4
8.29671    45.45
8.32702    45.5
8.35695    45.55
8.38646    45.6
8.41554    45.65
8.44417    45.7
8.47231    45.75
8.49995    45.8
8.52706    45.85
8.55361    45.9
8.57958    45.95
8.60494    46
8.62968    46.05
8.65377    46.1
8.67722    46.15
8.69998    46.2
8.72207    46.25
8.74345    46.3
8.76412    46.35
8.78406    46.4
8.80327    46.45
8.82174    46.5
8.83946    46.55
8.85642    46.6
8.87261    46.65
8.88805    46.7
8.90271    46.75
8.91661    46.8
8.92973    46.85
8.9421    46.9
8.9537    46.95
8.96455    47
8.97465    47.05
8.98402    47.1
8.99266    47.15
9.00058    47.2
9.00782    47.25
9.01437    47.3
9.02026    47.35
9.02552    47.4
9.03017    47.45
9.03423    47.5
9.03774    47.55
9.04071    47.6
9.0432    47.65
9.04523    47.7
9.04685    47.75
9.04809    47.8
9.049    47.85
9.04962    47.9
9.05001    47.95
9.05022    48
9.05031    48.05
9.05032    48.1
