0.350756    0.05
0.350655    0.1
0.350579    0.15
0.35053    0.2
0.350512    0.25
0.350526    0.3
0.350577    0.35
0.350666    0.4
0.350801    0.45
0.350984    0.5
0.35122    0.55
0.351512    0.6
0.35187    0.65
0.352297    0.7
0.352799    0.75
0.353384    0.8
0.354061    0.85
0.354837    0.9
0.35572    0.95
0.356722    1
0.357852    1.05
0.359121    1.1
0.360541    1.15
0.362126    1.2
0.363887    1.25
0.365841    1.3
0.368001    1.35
0.370384    1.4
0.373005    1.45
0.375881    1.5
0.379032    1.55
0.382864    1.6
0.387602    1.65
0.393214    1.7
0.399674    1.75
0.406959    1.8
0.415054    1.85
0.423942    1.9
0.433612    1.95
0.444052    2
0.455255    2.05
0.467211    2.1
0.479914    2.15
0.493354    2.2
0.507526    2.25
0.522419    2.3
0.538023    2.35
0.554326    2.4
0.571313    2.45
0.588968    2.5
0.60727    2.55
0.626197    2.6
0.64572    2.65
0.665809    2.7
0.686426    2.75
0.707532    2.8
0.729079    2.85
0.751016    2.9
0.773287    2.95
0.795829    3
0.818576    3.05
0.841453    3.1
0.864383    3.15
0.887284    3.2
0.910068    3.25
0.932644    3.3
0.954915    3.35
0.976784    3.4
0.998146    3.45
1.0189    3.5
1.03892    3.55
1.05803    3.6
1.07611    3.65
1.09328    3.7
1.10963    3.75
1.12526    3.8
1.14028    3.85
1.15477    3.9
1.16882    3.95
1.18252    4
1.19595    4.05
1.20919    4.1
1.22232    4.15
1.23541    4.2
1.24852    4.25
1.26173    4.3
1.27511    4.35
1.2887    4.4
1.30258    4.45
1.3168    4.5
1.33141    4.55
1.34646    4.6
1.36201    4.65
1.37811    4.7
1.39478    4.75
1.41209    4.8
1.43104    4.85
1.44785    4.9
1.46437    4.95
1.48057    5
1.49643    5.05
1.51193    5.1
1.52704    5.15
1.54178    5.2
1.55614    5.25
1.57011    5.3
1.58372    5.35
1.59697    5.4
1.60988    5.45
1.62246    5.5
1.63474    5.55
1.64673    5.6
1.65844    5.65
1.6699    5.7
1.68112    5.75
1.69211    5.8
1.70289    5.85
1.71347    5.9
1.72386    5.95
1.73406    6
1.74407    6.05
1.7539    6.1
1.76354    6.15
1.77299    6.2
1.78224    6.25
1.79127    6.3
1.80008    6.35
1.80864    6.4
1.81694    6.45
1.82494    6.5
1.83263    6.55
1.83998    6.6
1.84698    6.65
1.85368    6.7
1.86007    6.75
1.86618    6.8
1.87201    6.85
1.87758    6.9
1.88291    6.95
1.88799    7
1.89283    7.05
1.89746    7.1
1.90186    7.15
1.90605    7.2
1.91003    7.25
1.91381    7.3
1.91739    7.35
1.92077    7.4
1.92396    7.45
1.92695    7.5
1.92975    7.55
1.93236    7.6
1.93478    7.65
1.93701    7.7
1.93904    7.75
1.94089    7.8
1.94254    7.85
1.94399    7.9
1.94524    7.95
1.94629    8
1.94714    8.05
1.94778    8.1
1.94822    8.15
1.94843    8.2
1.94843    8.25
1.94822    8.3
1.94779    8.35
1.94716    8.4
1.94633    8.45
1.9453    8.5
1.94407    8.55
1.94266    8.6
1.94106    8.65
1.93927    8.7
1.9373    8.75
1.93515    8.8
1.93283    8.85
1.93033    8.9
1.92765    8.95
1.9248    9
1.92177    9.05
1.91858    9.1
1.91521    9.15
1.91166    9.2
1.90795    9.25
1.90405    9.3
1.89998    9.35
1.89572    9.4
1.89128    9.45
1.88666    9.5
1.88184    9.55
1.87683    9.6
1.87161    9.65
1.86619    9.7
1.86055    9.75
1.85469    9.8
1.8486    9.85
1.84235    9.9
1.83598    9.95
1.82951    10
1.82294    10.05
1.81625    10.1
1.80946    10.15
1.80255    10.2
1.79554    10.25
1.78842    10.3
1.78118    10.35
1.77383    10.4
1.76635    10.45
1.75875    10.5
1.75102    10.55
1.74315    10.6
1.73514    10.65
1.72697    10.7
1.71864    10.75
1.71014    10.8
1.70146    10.85
1.69258    10.9
1.6835    10.95
1.6742    11
1.66467    11.05
1.65489    11.1
1.64484    11.15
1.6345    11.2
1.62386    11.25
1.61291    11.3
1.6016    11.35
1.58993    11.4
1.57795    11.45
1.56597    11.5
1.554    11.55
1.54199    11.6
1.52991    11.65
1.51772    11.7
1.5054    11.75
1.49292    11.8
1.48026    11.85
1.46741    11.9
1.45434    11.95
1.44105    12
1.42753    12.05
1.4138    12.1
1.39986    12.15
1.38571    12.2
1.37137    12.25
1.35687    12.3
1.34224    12.35
1.3275    12.4
1.31269    12.45
1.29785    12.5
1.28304    12.55
1.26829    12.6
1.25366    12.65
1.23921    12.7
1.22499    12.75
1.21108    12.8
1.19753    12.85
1.18441    12.9
1.17387    12.95
1.15555    13
1.13808    13.05
1.12122    13.1
1.10481    13.15
1.0887    13.2
1.07276    13.25
1.05691    13.3
1.04104    13.35
1.0251    13.4
1.00901    13.45
0.992735    13.5
0.976215    13.55
0.959409    13.6
0.942281    13.65
0.92479    13.7
0.906905    13.75
0.888584    13.8
0.869785    13.85
0.850461    13.9
0.830557    13.95
0.810002    14
0.788712    14.05
0.766584    14.1
0.743493    14.15
0.719287    14.2
0.69378    14.25
0.666756    14.3
0.637955    14.35
0.607082    14.4
0.573788    14.45
0.537685    14.5
0.498336    14.55
0.455264    14.6
0.407958    14.65
0.358515    14.7
0.311535    14.75
0.267115    14.8
0.225196    14.85
0.185677    14.9
0.14843    14.95
0.113307    15
0.080152    15.05
0.048803    15.1
0.0191012    15.15
-0.00910686    15.2
-0.0359669    15.25
-0.0616141    15.3
-0.0861733    15.35
-0.109758    15.4
-0.132467    15.45
-0.15439    15.5
-0.175605    15.55
-0.196175    15.6
-0.216156    15.65
-0.235591    15.7
-0.254513    15.75
-0.272944    15.8
-0.290903    15.85
-0.308393    15.9
-0.325416    15.95
-0.341961    16
-0.358016    16.05
-0.373561    16.1
-0.388569    16.15
-0.403011    16.2
-0.416854    16.25
-0.430059    16.3
-0.442587    16.35
-0.454392    16.4
-0.465428    16.45
-0.475646    16.5
-0.484988    16.55
-0.493404    16.6
-0.500828    16.65
-0.507362    16.7
-0.513714    16.75
-0.519979    16.8
-0.526169    16.85
-0.532294    16.9
-0.538364    16.95
-0.544389    17
-0.550374    17.05
-0.556328    17.1
-0.562255    17.15
-0.568161    17.2
-0.574048    17.25
-0.579922    17.3
-0.585785    17.35
-0.591637    17.4
-0.597481    17.45
-0.603319    17.5
-0.609148    17.55
-0.614971    17.6
-0.620784    17.65
-0.626588    17.7
-0.63238    17.75
-0.638158    17.8
-0.643917    17.85
-0.649657    17.9
-0.655372    17.95
-0.66106    18
-0.666716    18.05
-0.672335    18.1
-0.677912    18.15
-0.683443    18.2
-0.688922    18.25
-0.69434    18.3
-0.699697    18.35
-0.704983    18.4
-0.710194    18.45
-0.71532    18.5
-0.720358    18.55
-0.7253    18.6
-0.73014    18.65
-0.734869    18.7
-0.739482    18.75
-0.743971    18.8
-0.748327    18.85
-0.752545    18.9
-0.756653    18.95
-0.760799    19
-0.764992    19.05
-0.769236    19.1
-0.773526    19.15
-0.777862    19.2
-0.782241    19.25
-0.786664    19.3
-0.791127    19.35
-0.795627    19.4
-0.800163    19.45
-0.80473    19.5
-0.809328    19.55
-0.813954    19.6
-0.818601    19.65
-0.82327    19.7
-0.827953    19.75
-0.832649    19.8
-0.837353    19.85
-0.842062    19.9
-0.846769    19.95
-0.851471    20
-0.856163    20.05
-0.860839    20.1
-0.865495    20.15
-0.870126    20.2
-0.874725    20.25
-0.879287    20.3
-0.883805    20.35
-0.888273    20.4
-0.892687    20.45
-0.897039    20.5
-0.901322    20.55
-0.90553    20.6
-0.909656    20.65
-0.913692    20.7
-0.917631    20.75
-0.921466    20.8
-0.925191    20.85
-0.928794    20.9
-0.932272    20.95
-0.935613    21
-0.938811    21.05
-0.941857    21.1
-0.944741    21.15
-0.947457    21.2
-0.949995    21.25
-0.952433    21.3
-0.954816    21.35
-0.957147    21.4
-0.959432    21.45
-0.961676    21.5
-0.963882    21.55
-0.966056    21.6
-0.968199    21.65
-0.970316    21.7
-0.972409    21.75
-0.974481    21.8
-0.976535    21.85
-0.978571    21.9
-0.980593    21.95
-0.9826    22
-0.984594    22.05
-0.986576    22.1
-0.988545    22.15
-0.990503    22.2
-0.992446    22.25
-0.994377    22.3
-0.996292    22.35
-0.99819    22.4
-1.00007    22.45
-1.00193    22.5
-1.00376    22.55
-1.00557    22.6
-1.00735    22.65
-1.00909    22.7
-1.01077    22.75
-1.01235    22.8
-1.01309    22.85
-1.01304    22.9
-1.01224    22.95
-1.01076    23
-1.00865    23.05
-1.00598    23.1
-1.00282    23.15
-0.99921    23.2
-0.995222    23.25
-0.990908    23.3
-0.986321    23.35
-0.981513    23.4
-0.97653    23.45
-0.971412    23.5
-0.9662    23.55
-0.960931    23.6
-0.955635    23.65
-0.950343    23.7
-0.94508    23.75
-0.939869    23.8
-0.934731    23.85
-0.929682    23.9
-0.92474    23.95
-0.919916    24
-0.915223    24.05
-0.91067    24.1
-0.906266    24.15
-0.902018    24.2
-0.897931    24.25
-0.894011    24.3
-0.890262    24.35
-0.886685    24.4
-0.883285    24.45
-0.880061    24.5
-0.877016    24.55
-0.874151    24.6
-0.871465    24.65
-0.868957    24.7
-0.866629    24.75
-0.864478    24.8
-0.862505    24.85
-0.860705    24.9
-0.859078    24.95
-0.857623    25
-0.856341    25.05
-0.855231    25.1
-0.854286    25.15
-0.853498    25.2
-0.852863    25.25
-0.852375    25.3
-0.852027    25.35
-0.851817    25.4
-0.851739    25.45
-0.851791    25.5
-0.851968    25.55
-0.852267    25.6
-0.852685    25.65
-0.853219    25.7
-0.853868    25.75
-0.854628    25.8
-0.855497    25.85
-0.856474    25.9
-0.857556    25.95
-0.858744    26
-0.860035    26.05
-0.861428    26.1
-0.862922    26.15
-0.864517    26.2
-0.866212    26.25
-0.868007    26.3
-0.869902    26.35
-0.871896    26.4
-0.873991    26.45
-0.876186    26.5
-0.878481    26.55
-0.880878    26.6
-0.883377    26.65
-0.88598    26.7
-0.888688    26.75
-0.891502    26.8
-0.894423    26.85
-0.897455    26.9
-0.900598    26.95
-0.903856    27
-0.907231    27.05
-0.910726    27.1
-0.914389    27.15
-0.918242    27.2
-0.922277    27.25
-0.926485    27.3
-0.93086    27.35
-0.935392    27.4
-0.940077    27.45
-0.944905    27.5
-0.949869    27.55
-0.954963    27.6
-0.960182    27.65
-0.965516    27.7
-0.97096    27.75
-0.976508    27.8
-0.982154    27.85
-0.987892    27.9
-0.993717    27.95
-0.999622    28
-1.0056    28.05
-1.01165    28.1
-1.01777    28.15
-1.02395    28.2
-1.03018    28.25
-1.03647    28.3
-1.04281    28.35
-1.04919    28.4
-1.05562    28.45
-1.06208    28.5
-1.06858    28.55
-1.07512    28.6
-1.08169    28.65
-1.08829    28.7
-1.09493    28.75
-1.1016    28.8
-1.1083    28.85
-1.11503    28.9
-1.1218    28.95
-1.12861    29
-1.13546    29.05
-1.14235    29.1
-1.14934    29.15
-1.15657    29.2
-1.16401    29.25
-1.17167    29.3
-1.17951    29.35
-1.18755    29.4
-1.19575    29.45
-1.20411    29.5
-1.21261    29.55
-1.22125    29.6
-1.23    29.65
-1.23887    29.7
-1.24783    29.75
-1.25688    29.8
-1.26599    29.85
-1.27517    29.9
-1.28439    29.95
-1.29364    30
-1.30293    30.05
-1.31222    30.1
-1.32152    30.15
-1.3308    30.2
-1.34007    30.25
-1.34931    30.3
-1.3585    30.35
-1.36765    30.4
-1.37674    30.45
-1.38576    30.5
-1.3947    30.55
-1.40356    30.6
-1.41232    30.65
-1.42099    30.7
-1.42955    30.75
-1.438    30.8
-1.44633    30.85
-1.45455    30.9
-1.46264    30.95
-1.4706    31
-1.47843    31.05
-1.48613    31.1
-1.4937    31.15
-1.50114    31.2
-1.50856    31.25
-1.51632    31.3
-1.52451    31.35
-1.53317    31.4
-1.54235    31.45
-1.5521    31.5
-1.56246    31.55
-1.57346    31.6
-1.58513    31.65
-1.59751    31.7
-1.61062    31.75
-1.62446    31.8
-1.63905    31.85
-1.65438    31.9
-1.67044    31.95
-1.68723    32
-1.70471    32.05
-1.72285    32.1
-1.74161    32.15
-1.76093    32.2
-1.78077    32.25
-1.80106    32.3
-1.82172    32.35
-1.84268    32.4
-1.86387    32.45
-1.88519    32.5
-1.90657    32.55
-1.92791    32.6
-1.94914    32.65
-1.97016    32.7
-1.99091    32.75
-2.01129    32.8
-2.03123    32.85
-2.05067    32.9
-2.06953    32.95
-2.08775    33
-2.10528    33.05
-2.12115    33.1
-2.14084    33.15
-2.16125    33.2
-2.18241    33.25
-2.20435    33.3
-2.22709    33.35
-2.25066    33.4
-2.27505    33.45
-2.3003    33.5
-2.32638    33.55
-2.35331    33.6
-2.38105    33.65
-2.40957    33.7
-2.43886    33.75
-2.46885    33.8
-2.49949    33.85
-2.53069    33.9
-2.56239    33.95
-2.59447    34
-2.62683    34.05
-2.65936    34.1
-2.69192    34.15
-2.72438    34.2
-2.7566    34.25
-2.78843    34.3
-2.81972    34.35
-2.85033    34.4
-2.8801    34.45
-2.90889    34.5
-2.93656    34.55
-2.96296    34.6
-2.98795    34.65
-3.01141    34.7
-3.03319    34.75
-3.05315    34.8
-3.07131    34.85
-3.08863    34.9
-3.10544    34.95
-3.12182    35
-3.13788    35.05
3.1295    35.1
3.11386    35.15
3.09833    35.2
3.08284    35.25
3.06734    35.3
3.05179    35.35
3.03615    35.4
3.02036    35.45
3.00442    35.5
2.98829    35.55
2.97196    35.6
2.95541    35.65
2.93864    35.7
2.92165    35.75
2.90445    35.8
2.88704    35.85
2.86945    35.9
2.85169    35.95
2.8338    36
2.8158    36.05
2.79773    36.1
2.77965    36.15
2.76158    36.2
2.74357    36.25
2.72568    36.3
2.70795    36.35
2.69044    36.4
2.6732    36.45
2.65628    36.5
2.63972    36.55
2.62358    36.6
2.6079    36.65
2.59273    36.7
2.57811    36.75
2.56407    36.8
2.55065    36.85
2.53789    36.9
2.52581    36.95
2.51445    37
2.50382    37.05
2.49394    37.1
2.48485    37.15
2.47656    37.2
2.46908    37.25
2.46233    37.3
2.45564    37.35
2.44897    37.4
2.44238    37.45
2.43591    37.5
2.42961    37.55
2.42351    37.6
2.41763    37.65
2.41199    37.7
2.40658    37.75
2.4014    37.8
2.39645    37.85
2.39168    37.9
2.38709    37.95
2.38264    38
2.37827    38.05
2.37395    38.1
2.36962    38.15
2.36521    38.2
2.36066    38.25
2.3559    38.3
2.35084    38.35
2.34539    38.4
2.33948    38.45
2.33299    38.5
2.32582    38.55
2.31787    38.6
2.30901    38.65
2.29911    38.7
2.28803    38.75
2.27564    38.8
2.26178    38.85
2.24629    38.9
2.22911    38.95
2.21035    39
2.1901    39.05
2.16845    39.1
2.1455    39.15
2.12133    39.2
2.09604    39.25
2.06972    39.3
2.04245    39.35
2.01434    39.4
1.98548    39.45
1.95595    39.5
1.92585    39.55
1.89528    39.6
1.86432    39.65
1.83307    39.7
1.80163    39.75
1.77007    39.8
1.73848    39.85
1.70694    39.9
1.67552    39.95
1.64431    40
1.61336    40.05
1.58273    40.1
1.55249    40.15
1.52268    40.2
1.49334    40.25
1.46453    40.3
1.43627    40.35
1.4086    40.4
1.38155    40.45
1.35513    40.5
1.32936    40.55
1.30428    40.6
1.27987    40.65
1.25617    40.7
1.23318    40.75
1.21091    40.8
1.18936    40.85
1.16854    40.9
1.14846    40.95
1.12913    41
1.11053    41.05
1.0927    41.1
1.07561    41.15
1.05929    41.2
1.04369    41.25
1.02877    41.3
1.01448    41.35
1.00081    41.4
0.987713    41.45
0.975163    41.5
0.963136    41.55
0.951607    41.6
0.940553    41.65
0.929955    41.7
0.919794    41.75
0.910054    41.8
0.900716    41.85
0.891768    41.9
0.883197    41.95
0.874988    42
0.867131    42.05
0.859616    42.1
0.852432    42.15
0.845569    42.2
0.83902    42.25
0.832775    42.3
0.826829    42.35
0.821172    42.4
0.8158    42.45
0.810703    42.5
0.805879    42.55
0.80132    42.6
0.797019    42.65
0.792974    42.7
0.789177    42.75
0.785624    42.8
0.782309    42.85
0.779228    42.9
0.776376    42.95
0.773748    43
0.771338    43.05
0.769142    43.1
0.767154    43.15
0.76537    43.2
0.763783    43.25
0.762389    43.3
0.761179    43.35
0.760151    43.4
0.759296    43.45
0.75861    43.5
0.758083    43.55
0.757712    43.6
0.75749    43.65
0.757413    43.7
0.757475    43.75
0.75767    43.8
0.757993    43.85
0.758438    43.9
0.758997    43.95
0.759668    44
0.760443    44.05
0.761318    44.1
0.762285    44.15
0.763341    44.2
0.764479    44.25
0.765696    44.3
0.766985    44.35
0.76834    44.4
0.769759    44.45
0.771234    44.5
0.772763    44.55
0.774339    44.6
0.775958    44.65
0.777615    44.7
0.779306    44.75
0.781026    44.8
0.78277    44.85
0.784534    44.9
0.786311    44.95
0.788099    45
0.789892    45.05
0.791683    45.1
0.793469    45.15
0.795244    45.2
0.797001    45.25
0.798736    45.3
0.800441    45.35
0.802108    45.4
0.803733    45.45
0.805306    45.5
0.806817    45.55
0.808259    45.6
0.809622    45.65
0.810892    45.7
0.812058    45.75
0.813105    45.8
0.814018    45.85
0.814778    45.9
0.815386    45.95
0.815942    46
0.816464    46.05
0.816957    46.1
0.817419    46.15
0.817853    46.2
0.818261    46.25
0.818643    46.3
0.819001    46.35
0.819334    46.4
0.819647    46.45
0.81994    46.5
0.820211    46.55
0.820464    46.6
0.8207    46.65
0.820917    46.7
0.821121    46.75
0.821306    46.8
0.821476    46.85
0.821633    46.9
0.821778    46.95
0.82191    47
0.822029    47.05
0.822137    47.1
0.822235    47.15
0.822324    47.2
0.822401    47.25
0.822465    47.3
0.822526    47.35
0.822577    47.4
0.822619    47.45
0.822654    47.5
0.822681    47.55
0.822703    47.6
0.822715    47.65
0.822723    47.7
0.822726    47.75
0.822723    47.8
0.822713    47.85
0.822699    47.9
0.82268    47.95
0.822657    48
0.822629    48.05
0.822597    48.1
